date,open,high,close,low,volume,price_change,p_change,ma5,ma10,ma20,v_ma5,v_ma10,v_ma20
2019-05-21,8.3,8.7,8.61,8.3,204943.62,0.28,3.36,8.684,8.733,9.039,200412.33,214509.51,240565.16
2019-05-20,8.4,8.48,8.33,8.02,154578.12,-0.11,-1.3,8.736,8.762,9.099,207818.42,218912.33,242988.35
2019-05-17,9.0,9.01,8.44,8.33,241798.0,-0.59,-6.53,8.834,8.792,9.187,214373.18,237856.07,250197.56
2019-05-16,8.96,9.09,9.03,8.8,195736.92,0.02,0.22,8.938,8.892,9.266,234271.46,248768.65,250246.56
2019-05-15,8.97,9.06,9.01,8.91,205005.0,0.14,1.58,8.848,8.872,9.309,226160.98,248298.16,255948.3
2019-05-14,8.67,9.18,8.87,8.62,241974.08,0.05,0.57,8.782,8.88,9.345,228606.69,246406.61,256238.19
2019-05-13,8.79,8.94,8.82,8.74,187351.88,-0.14,-1.56,8.788,8.919,9.393,230006.23,245767.8,256151.82
2019-05-10,8.7,8.99,8.96,8.28,341289.44,0.38,4.43,8.75,9.019,9.454,261338.96,251983.61,262195.18
2019-05-09,8.65,8.78,8.58,8.58,155184.5,-0.1,-1.15,8.846,9.126,9.52,263265.84,254858.08,259455.88
2019-05-08,8.59,8.9,8.68,8.52,217233.55,-0.22,-2.47,8.896,9.246,9.6,270435.34,265808.93,274970.79
2019-05-07,8.72,8.94,8.9,8.62,248971.78,0.27,3.13,8.978,9.345,9.686,264206.53,266620.81,288255.75
2019-05-06,8.93,9.44,8.63,8.51,344015.53,-0.81,-8.58,9.05,9.435,9.774,261529.37,267064.37,312052.61
2019-04-30,8.99,9.52,9.44,8.89,350923.84,0.61,6.91,9.288,9.581,9.894,242628.27,262539.05,356654.29
2019-04-29,9.09,9.2,8.83,8.69,191032.0,-0.26,-2.86,9.406,9.639,9.966,246450.32,251724.47,372699.21
2019-04-26,9.18,9.24,9.09,8.96,186089.5,-0.17,-1.84,9.596,9.745,10.057,261182.52,263598.43,391875.09
2019-04-25,9.76,9.82,9.26,9.2,235586.0,-0.56,-5.7,9.712,9.809,10.128,269035.1,266069.77,414673.5
2019-04-24,10.02,10.05,9.82,9.61,249510.0,-0.21,-2.09,9.82,9.866,10.167,272599.37,266535.83,421476.2
2019-04-23,9.83,10.14,10.03,9.72,370034.12,0.25,2.56,9.874,9.889,10.167,282449.82,272406.75,437066.87
2019-04-22,9.65,10.06,9.78,9.65,264693.0,0.11,1.14,9.872,9.914,10.188,256998.62,264053.68,452247.51
2019-04-19,9.83,9.83,9.67,9.54,225352.36,-0.13,-1.33,9.894,9.954,10.254,266014.34,284132.64,479076.45
2019-04-18,10.01,10.02,9.8,9.78,253407.36,-0.29,-2.87,9.906,10.027,10.296,263104.45,309890.69,503198.67
2019-04-17,10.02,10.23,10.09,9.96,298762.28,0.07,0.7,9.912,10.112,10.332,260472.29,357040.86,522002.81
2019-04-16,9.78,10.05,10.02,9.63,242778.09,0.13,1.31,9.904,10.207,10.336,262363.67,450769.53,535999.68
2019-04-15,9.88,10.17,9.89,9.81,309771.59,0.16,1.64,9.956,10.292,10.336,271108.75,493673.95,560509.7
2019-04-12,9.79,9.92,9.73,9.63,210802.92,-0.1,-1.02,10.014,10.369,10.367,302250.95,520151.75,592375.77
2019-04-11,10.03,10.11,9.83,9.83,240246.58,-0.22,-2.19,10.148,10.447,10.371,356676.93,563277.23,634944.27
2019-04-10,10.15,10.19,10.05,9.96,308219.19,-0.23,-2.24,10.312,10.467,10.421,453609.42,576416.58,682893.13
2019-04-09,10.16,10.38,10.28,10.02,286503.47,0.1,0.98,10.51,10.444,10.441,639175.39,601726.99,723024.92
2019-04-08,10.45,10.65,10.18,10.02,465482.59,-0.22,-2.12,10.628,10.462,10.437,716239.15,640441.33,755809.66
2019-04-04,10.68,10.74,10.4,10.33,482932.81,-0.25,-2.35,10.724,10.554,10.392,738052.55,674020.25,781372.33
2019-04-03,10.7,10.77,10.65,10.39,724909.06,-0.39,-3.53,10.746,10.565,10.324,769877.54,696506.65,794568.74
2019-04-02,11.7,11.83,11.04,11.01,1236049.0,0.17,1.56,10.622,10.551,10.247,699223.73,686964.77,808704.91
2019-04-01,10.5,10.98,10.87,10.39,671822.31,0.21,1.97,10.378,10.465,10.148,564278.59,621229.83,796841.64
2019-03-29,10.4,10.79,10.66,9.88,574549.56,0.15,1.43,10.296,10.38,10.017,564643.51,627345.45,806224.75
2019-03-28,10.1,10.62,10.51,9.94,642057.75,0.48,4.79,10.384,10.364,9.89,609987.96,664599.79,814374.91
2019-03-27,9.92,10.08,10.03,9.47,371640.03,0.21,2.14,10.384,10.294,9.751,623135.76,706611.32,824774.9
2019-03-26,10.46,10.59,9.82,9.68,561323.31,-0.64,-6.12,10.48,10.374,9.665,674705.81,789369.67,863370.47
2019-03-25,10.47,10.89,10.46,10.35,673646.88,-0.64,-5.77,10.552,10.438,9.552,678181.07,844322.84,874248.2
2019-03-22,10.4,11.4,11.1,10.33,801271.81,0.59,5.61,10.464,10.412,9.431,690047.4,871177.98,883141.7
2019-03-21,10.41,10.87,10.51,10.39,707796.75,0.0,0.0,10.344,10.229,9.242,719211.62,888724.4,878809.71
2019-03-20,10.1,10.56,10.51,9.9,629490.31,0.33,3.24,10.204,10.082,9.057,790086.87,892630.84,865377.38
2019-03-19,9.8,10.28,10.18,9.65,578699.62,0.16,1.6,10.268,9.943,8.873,904033.54,930445.06,849963.1
2019-03-18,10.26,10.26,10.02,9.45,732978.5,-0.48,-4.57,10.324,9.831,8.716,1010464.61,972453.44,846688.29
2019-03-15,10.23,10.74,10.5,9.91,947092.94,0.69,7.03,10.36,9.653,8.557,1052308.56,985104.05,828617.45
2019-03-14,11.1,11.31,9.81,9.75,1062173.0,-1.02,-9.42,10.114,9.415,8.362,1058237.17,964150.04,798130.83
2019-03-13,10.36,11.51,10.83,10.16,1199223.62,0.37,3.54,9.96,9.207,8.207,995174.8,942938.48,771080.54
2019-03-12,10.38,10.69,10.46,10.02,1110855.0,0.26,2.55,9.618,8.956,7.988,956856.57,937371.27,729445.98
2019-03-11,9.7,10.2,10.2,9.45,942198.25,0.93,10.03,9.338,8.666,7.781,934442.27,904173.55,686731.73
2019-03-08,8.6,9.84,9.27,8.49,976736.0,0.23,2.54,8.946,8.449,7.584,917899.54,895105.41,651291.16
2019-03-07,8.95,9.33,9.04,8.87,746861.12,-0.08,-0.88,8.716,8.254,7.425,870062.9,868895.01,611994.57
2019-03-06,9.24,9.36,9.12,8.69,1007632.5,0.06,0.66,8.454,8.032,7.27,890702.16,838123.92,587594.91
2019-03-05,8.1,9.06,9.06,8.03,998783.5,0.82,9.95,8.294,7.803,7.108,917885.96,769481.14,551050.41
2019-03-04,8.52,8.59,8.24,8.18,859484.56,0.12,1.48,7.994,7.601,6.962,873904.82,720923.14,523100.2
2019-03-01,7.52,8.36,8.12,7.5,737552.81,0.39,5.04,7.952,7.461,6.866,872311.29,672130.86,517556.62
2019-02-28,7.95,8.12,7.73,7.65,850057.44,-0.59,-7.09,7.792,7.308,6.811,867727.13,632111.63,521708.75
2019-02-27,7.7,8.32,8.32,7.69,1143551.5,0.76,10.05,7.61,7.207,6.783,785545.67,599222.6,545324.23
2019-02-26,7.88,7.94,7.56,7.53,778877.81,-0.47,-5.85,7.312,7.02,6.737,621076.32,521520.69,545172.61
2019-02-25,7.68,8.05,8.03,7.41,851516.88,0.71,9.7,7.208,6.896,6.696,567941.46,469289.91,548339.97
2019-02-22,6.76,7.34,7.32,6.75,714632.0,0.5,7.33,6.97,6.718,6.607,471950.43,407476.92,514373.16
2019-02-21,6.84,7.07,6.82,6.8,439150.16,-0.01,-0.15,6.824,6.596,6.556,396496.14,355094.14,494352.95
2019-02-20,6.93,7.0,6.83,6.73,321204.75,-0.21,-2.98,6.804,6.507,6.54,412899.53,337065.89,493906.27
2019-02-19,6.87,7.06,7.04,6.74,513203.53,0.2,2.92,6.728,6.413,6.515,421965.06,332619.68,490683.59
2019-02-18,6.65,6.85,6.84,6.65,371561.72,0.25,3.79,6.584,6.322,6.477,370638.36,325277.25,474130.46
2019-02-15,6.71,6.71,6.59,6.54,337360.53,-0.13,-1.94,6.466,6.27,6.454,343003.4,362982.38,469154.52
2019-02-14,6.46,6.91,6.72,6.45,521167.12,0.27,4.19,6.368,6.313,6.438,313692.14,411305.86,461616.48
2019-02-13,6.28,6.51,6.45,6.24,366532.41,0.13,2.06,6.21,6.359,6.416,261232.26,491425.86,449548.43
2019-02-12,6.21,6.32,6.32,6.15,256570.0,0.07,1.12,6.098,6.454,6.415,243274.3,568824.52,455093.69
2019-02-11,6.11,6.27,6.25,6.06,233386.95,0.15,2.46,6.06,6.495,6.411,279916.15,627390.03,457762.98
2019-02-01,6.0,6.12,6.1,5.93,190804.2,0.17,2.87,6.074,6.496,6.41,382961.35,621269.41,463861.53
2019-01-31,6.03,6.1,5.93,5.84,258867.73,0.04,0.68,6.258,6.516,6.415,508919.58,633611.76,473549.12
2019-01-30,6.07,6.19,5.89,5.87,276742.62,-0.24,-3.92,6.508,6.573,6.407,721619.46,650746.65,473979.25
2019-01-29,6.35,6.45,6.13,5.83,439779.25,-0.19,-3.01,6.81,6.616,6.417,894374.74,648747.49,468387.24
2019-01-28,6.83,6.88,6.32,6.32,748612.94,-0.7,-9.97,6.93,6.632,6.417,974863.91,622983.67,457256.84
2019-01-25,7.03,7.38,7.02,6.96,820595.38,-0.16,-2.23,6.918,6.637,6.4,859577.47,575326.66,434015.64
2019-01-24,7.5,7.98,7.18,7.11,1322367.12,-0.22,-2.97,6.774,6.562,6.364,758303.93,511927.1,413172.87
2019-01-23,6.71,7.4,7.4,6.64,1140519.0,0.67,9.96,6.638,6.472,6.31,579873.84,407670.99,359822.47
2019-01-22,6.25,6.89,6.73,6.24,842225.12,0.47,7.51,6.422,6.375,6.241,403120.24,341362.87,310112.37
2019-01-21,6.25,6.31,6.26,6.2,172180.72,-0.04,-0.64,6.334,6.326,6.208,271103.42,288135.93,278518.46
2019-01-18,6.43,6.47,6.3,6.19,314227.69,-0.2,-3.08,6.356,6.324,6.208,291075.84,306453.65,286844.94
2019-01-17,6.26,6.59,6.5,6.21,430216.69,0.18,2.85,6.35,6.314,6.198,265550.27,313486.48,282910.6
2019-01-16,6.35,6.44,6.32,6.25,256751.0,0.03,0.48,6.306,6.241,6.177,235468.14,297211.85,271823.8
2019-01-15,6.3,6.31,6.29,6.17,182141.0,-0.08,-1.26,6.328,6.218,6.17,279605.49,288026.98,271085.09
2019-01-14,6.29,6.5,6.37,6.23,272042.84,0.1,1.59,6.318,6.201,6.156,305168.43,291530.01,283034.62
2019-01-11,6.22,6.29,6.27,6.16,186599.84,-0.01,-0.16,6.292,6.163,6.161,321831.46,292704.63,282077.63
2019-01-10,6.39,6.55,6.28,6.28,279806.03,-0.15,-2.33,6.278,6.165,6.174,361422.69,314418.65,286667.01
2019-01-09,6.33,6.64,6.43,6.21,477437.75,0.19,3.04,6.176,6.147,6.191,358955.56,311973.94,288327.21
2019-01-08,6.22,6.44,6.24,6.2,309955.69,0.0,0.0,6.108,6.107,6.198,296448.48,278861.87,278945.75
2019-01-07,6.17,6.33,6.24,6.12,355358.0,0.04,0.65,6.084,6.089,6.212,277891.6,268901.0,280928.52
2019-01-04,5.73,6.3,6.2,5.72,384556.0,0.43,7.45,6.034,6.092,6.236,263577.8,267236.22,287264.78
2019-01-03,6.02,6.1,5.77,5.76,267470.38,-0.32,-5.25,6.052,6.082,6.277,267414.6,252334.72,299011.99
2019-01-02,6.09,6.23,6.09,6.02,164902.31,-0.03,-0.49,6.118,6.113,6.355,264992.32,246435.74,337160.3
2018-12-28,6.0,6.23,6.12,5.93,217171.3,0.13,2.17,6.106,6.121,6.409,261275.26,254143.2,379358.31
2018-12-27,6.3,6.3,5.99,5.97,283789.0,-0.3,-4.77,6.094,6.111,6.429,259910.41,274539.23,412021.13
2018-12-26,6.05,6.38,6.29,6.02,403740.0,0.19,3.12,6.15,6.158,6.467,270894.65,271450.63,454707.25
2018-12-25,5.95,6.12,6.1,5.73,255359.0,0.07,1.16,6.112,6.182,6.474,237254.84,258915.38,462245.48
2018-12-24,6.05,6.1,6.03,5.94,146317.0,-0.03,-0.49,6.108,6.234,6.509,227879.15,264680.48,471794.72
2018-12-21,6.22,6.24,6.06,6.0,210347.05,-0.21,-3.35,6.136,6.288,6.517,247011.14,279029.63,481466.13
2018-12-20,6.06,6.34,6.27,6.03,338710.19,0.17,2.79,6.128,6.335,6.511,289168.05,292956.04,493696.68
2018-12-19,6.1,6.22,6.1,5.95,235540.94,0.02,0.33,6.166,6.379,6.526,272006.61,307293.34,495198.54
2018-12-18,6.12,6.18,6.08,5.98,208480.59,-0.09,-1.46,6.252,6.471,6.556,280575.92,345689.27,506602.96
2018-12-17,5.98,6.24,6.17,5.95,241976.91,0.15,2.49,6.36,6.597,6.577,301481.81,427884.86,518279.88
2018-12-14,6.41,6.47,6.02,5.98,421131.62,-0.44,-6.81,6.44,6.697,6.608,311048.12,504573.43,536721.91
2018-12-13,6.63,6.63,6.46,6.43,252903.0,-0.07,-1.07,6.542,6.747,6.66,296744.04,549503.04,554695.06
2018-12-12,6.6,6.65,6.53,6.42,278387.47,-0.09,-1.36,6.592,6.775,6.668,342580.08,637963.88,578079.26
2018-12-11,6.66,6.77,6.62,6.53,313010.06,0.05,0.76,6.69,6.765,6.642,410802.62,665575.59,585567.31
2018-12-10,6.46,6.72,6.57,6.32,289808.47,0.04,0.61,6.834,6.784,6.61,554287.91,678908.95,597527.48
2018-12-07,6.75,6.78,6.53,6.41,349611.19,-0.18,-2.68,6.954,6.746,6.57,698098.74,683902.63,601669.7
2018-12-06,6.9,7.14,6.71,6.57,482083.19,-0.31,-4.42,6.952,6.686,6.522,802262.04,694437.31,602809.05
2018-12-05,6.91,7.11,7.02,6.85,619500.19,-0.32,-4.36,6.958,6.673,6.469,933347.68,683103.74,604872.18
2018-12-04,7.1,7.8,7.34,6.92,1030436.5,0.17,2.37,6.84,6.641,6.391,920348.55,667516.66,599495.5
2018-12-03,6.68,7.17,7.17,6.55,1008862.62,0.65,9.97,6.734,6.556,6.309,803530.0,608674.89,574375.46
2018-11-30,6.74,7.0,6.52,6.25,870427.69,-0.22,-3.26,6.538,6.519,6.21,669706.51,568870.39,535678.68
2018-11-29,6.4,7.07,6.74,6.32,1137511.38,0.31,4.82,6.42,6.573,6.119,586612.58,559887.09,496750.99
2018-11-28,6.7,6.92,6.43,6.26,554504.56,-0.38,-5.58,6.388,6.56,6.013,432859.79,518194.64,445642.51
2018-11-27,6.3,6.81,6.81,6.12,446343.75,0.62,10.02,6.442,6.518,5.921,414684.77,505559.03,421841.17
2018-11-26,6.0,6.24,6.19,5.95,339745.19,0.26,4.38,6.378,6.435,5.81,413819.79,516146.01,402516.97
2018-11-23,6.25,6.37,5.93,5.92,454958.0,-0.65,-9.88,6.5,6.393,5.723,468034.27,519436.78,387072.04
2018-11-22,6.68,6.7,6.58,6.41,368747.47,-0.12,-1.79,6.726,6.358,5.65,533161.6,511180.79,366620.25
2018-11-21,6.48,6.93,6.7,6.44,463629.44,0.21,3.24,6.732,6.264,5.543,603529.49,526640.63,350278.88
2018-11-20,6.6,6.64,6.49,6.3,442018.84,-0.31,-4.56,6.594,6.141,5.432,596433.3,531474.34,329717.91
2018-11-19,7.07,7.28,6.8,6.66,610817.62,-0.26,-3.68,6.492,6.062,5.329,618472.23,540076.03,310455.8
2018-11-16,6.6,7.17,7.06,6.46,780594.62,0.45,6.81,6.286,5.9,5.215,570839.29,502486.97,284013.8
2018-11-15,6.17,6.61,6.61,6.11,720586.94,0.6,9.98,5.99,5.665,5.078,489199.98,433614.88,247504.81
2018-11-14,5.85,6.2,6.01,5.76,428148.47,0.03,0.5,5.796,5.465,4.958,449751.76,373090.38,213516.97
2018-11-13,5.67,6.28,5.98,5.63,552213.5,0.21,3.64,5.688,5.324,4.872,466515.39,338123.3,193666.24
2018-11-12,5.55,5.96,5.77,5.5,372652.91,0.19,3.4,5.632,5.184,4.783,461679.84,288887.92,167710.57
2018-11-09,5.5,5.77,5.58,5.47,372398.09,-0.06,-1.06,5.514,5.052,4.714,434134.64,254707.3,150440.39
2018-11-08,5.45,6.0,5.64,5.4,523345.84,0.17,3.11,5.34,4.942,4.656,378029.78,222059.72,134900.02
2018-11-07,5.8,5.97,5.47,5.46,511966.59,-0.23,-4.04,5.134,4.822,4.598,296429.0,173917.13,112581.13
2018-11-06,5.61,5.7,5.7,5.4,528035.75,0.52,10.04,4.96,4.722,4.572,209731.21,127961.47,88258.16
2018-11-05,4.7,5.18,5.18,4.68,234926.94,0.47,9.98,4.736,4.595,4.535,116096.01,80835.57,63369.17
2018-11-02,4.66,4.72,4.71,4.63,91873.8,0.1,2.17,4.59,4.53,4.522,75279.96,65540.64,54560.57
2018-11-01,4.71,4.79,4.61,4.6,115341.9,0.01,0.22,4.544,4.491,4.543,66089.65,61394.73,51913.2
2018-10-31,4.55,4.64,4.6,4.52,78477.65,0.02,0.44,4.51,4.45,4.569,51405.26,53943.56,50199.34
2018-10-30,4.43,4.62,4.58,4.4,59859.75,0.13,2.92,4.484,4.419,4.599,46191.73,49209.19,49199.41
2018-10-29,4.44,4.55,4.45,4.43,30846.7,-0.03,-0.67,4.454,4.382,4.626,45575.13,46533.22,48729.23
2018-10-26,4.47,4.57,4.48,4.46,45922.23,0.04,0.9,4.47,4.375,4.664,55801.31,46173.47,49461.19
2018-10-25,4.32,4.47,4.44,4.28,41919.98,-0.03,-0.67,4.438,4.369,4.696,56699.82,47740.32,48582.88
2018-10-24,4.39,4.56,4.47,4.39,52409.98,0.04,0.9,4.39,4.373,4.732,56481.85,51245.13,48454.83
2018-10-23,4.5,4.54,4.43,4.41,56776.75,-0.1,-2.21,4.354,4.421,4.765,52226.66,48554.84,47296.73
2018-10-22,4.4,4.64,4.53,4.35,81977.63,0.21,4.86,4.31,4.474,4.796,47491.31,45902.77,46889.69
2018-10-19,4.15,4.36,4.32,4.1,50414.75,0.12,2.86,4.28,4.514,4.833,36545.63,43580.5,46429.16
2018-10-18,4.25,4.25,4.2,4.13,40830.15,-0.09,-2.1,4.3,4.595,4.878,38780.83,42431.66,46066.03
2018-10-17,4.29,4.3,4.29,4.2,31134.0,0.08,1.9,4.356,4.687,4.925,46008.4,46455.11,45708.52
2018-10-16,4.4,4.43,4.21,4.2,33100.0,-0.17,-3.88,4.488,4.778,4.966,44883.03,49189.63,45383.67
2018-10-15,4.47,4.48,4.38,4.36,27249.26,-0.04,-0.91,4.638,4.869,5.008,44314.23,50925.23,45058.07
2018-10-12,4.46,4.54,4.42,4.2,61590.74,-0.06,-1.34,4.748,4.952,5.044,50615.38,52748.91,45291.35
2018-10-11,4.79,4.81,4.48,4.46,76968.0,-0.47,-9.49,4.89,5.022,5.076,46082.5,49425.43,43449.77
2018-10-10,4.98,4.99,4.95,4.91,25507.14,-0.01,-0.2,5.018,5.09,5.107,46901.83,45664.53,40810.43
2018-10-09,5.0,5.04,4.96,4.93,30256.0,0.03,0.61,5.068,5.108,5.12,53496.24,46038.62,40831.53
2018-10-08,5.05,5.08,4.93,4.91,58755.0,-0.2,-3.9,5.1,5.118,5.131,57536.24,47876.62,41039.91
2018-09-28,5.12,5.14,5.13,5.08,38926.35,0.01,0.2,5.156,5.151,5.148,54882.44,49277.82,39513.26
2018-09-27,5.26,5.34,5.12,5.09,81064.64,-0.08,-1.54,5.154,5.16,5.153,52768.37,49700.39,39283.9
2018-09-26,5.14,5.22,5.2,5.1,58479.2,0.08,1.56,5.162,5.163,5.164,44427.24,44961.92,36637.82
2018-09-25,5.17,5.25,5.12,5.09,50456.0,-0.09,-1.73,5.148,5.154,5.173,38581.0,41577.7,35372.96
2018-09-21,5.12,5.22,5.21,5.11,45486.0,0.09,1.76,5.136,5.146,5.186,38217.0,39190.9,34478.81
2018-09-20,5.16,5.19,5.12,5.11,28356.0,-0.04,-0.78,5.146,5.136,5.192,43673.2,37833.8,33414.21
2018-09-19,5.15,5.21,5.16,5.11,39359.0,0.03,0.58,5.166,5.129,5.203,46632.4,37474.1,33620.94
2018-09-18,5.04,5.13,5.13,5.01,29248.0,0.07,1.38,5.164,5.123,5.214,45496.6,35956.32,33618.84
2018-09-17,5.22,5.28,5.06,5.06,48636.01,-0.2,-3.8,5.16,5.132,5.235,44574.4,35624.44,34937.59
2018-09-14,5.24,5.34,5.26,5.19,72767.0,0.04,0.77,5.156,5.143,5.262,40164.8,34203.21,36778.7
2018-09-13,5.16,5.23,5.22,5.1,43152.01,0.07,1.36,5.126,5.144,5.268,31994.4,29748.71,35180.75
2018-09-12,5.13,5.2,5.15,5.08,33680.0,0.04,0.78,5.092,5.145,5.275,28315.8,28867.42,34445.85
2018-09-11,5.04,5.12,5.11,5.04,24637.0,0.07,1.39,5.082,5.165,5.287,26416.04,28313.72,34339.55
2018-09-10,5.15,5.15,5.04,5.04,26588.0,-0.07,-1.37,5.104,5.192,5.308,26674.48,29168.22,34375.34
2018-09-07,5.08,5.16,5.11,5.06,31915.0,0.06,1.19,5.13,5.226,5.333,28241.61,29766.72,35509.72
2018-09-06,5.11,5.16,5.05,5.04,24759.0,-0.05,-0.98,5.162,5.247,5.351,27503.01,28994.62,35563.71
2018-09-05,5.21,5.23,5.1,5.1,24181.2,-0.12,-2.3,5.198,5.277,5.372,29419.03,29767.79,37097.51
2018-09-04,5.17,5.26,5.22,5.13,25929.2,0.05,0.97,5.248,5.304,5.382,30211.39,31281.37,37819.3
2018-09-03,5.26,5.26,5.17,5.07,34423.65,-0.1,-1.9,5.28,5.338,5.392,31661.95,34250.75,38238.33
2018-08-31,5.25,5.32,5.27,5.2,28222.0,0.04,0.77,5.322,5.381,5.397,31291.82,39354.2,38935.3
2018-08-30,5.35,5.36,5.23,5.23,34339.1,-0.12,-2.24,5.332,5.391,5.409,30486.22,40612.8,39513.65
2018-08-29,5.36,5.37,5.35,5.31,28143.0,-0.03,-0.56,5.356,5.405,5.428,30116.54,40024.29,41593.41
2018-08-28,5.37,5.4,5.38,5.34,33182.0,0.0,0.0,5.36,5.409,5.45,32351.34,40365.39,42479.31
2018-08-27,5.32,5.42,5.38,5.32,32573.0,0.06,1.13,5.396,5.423,5.476,36839.54,39582.46,42459.36
2018-08-24,5.37,5.37,5.32,5.3,24194.0,-0.03,-0.56,5.44,5.439,5.501,47416.58,41252.73,44473.58
2018-08-23,5.37,5.42,5.35,5.32,32490.7,-0.02,-0.37,5.45,5.455,5.536,50739.38,42132.81,46357.64
2018-08-22,5.52,5.52,5.37,5.37,39317.0,-0.19,-3.42,5.454,5.466,5.577,49932.04,44427.24,48382.36
2018-08-21,5.54,5.58,5.56,5.49,55623.0,-0.04,-0.71,5.458,5.459,5.616,48379.44,44357.24,53577.04
2018-08-20,5.42,5.65,5.6,5.42,85458.2,0.23,4.28,5.45,5.445,5.651,42325.38,42225.91,58228.08
2018-08-17,5.39,5.46,5.37,5.33,40808.0,0.0,0.0,5.438,5.413,5.674,35088.88,38516.39,58132.97
2018-08-16,5.4,5.45,5.37,5.3,28454.0,-0.02,-0.37,5.46,5.426,5.703,33526.25,38414.5,59199.99
2018-08-15,5.53,5.53,5.39,5.38,31554.0,-0.13,-2.35,5.478,5.45,5.724,38922.45,43162.52,60741.84
2018-08-14,5.5,5.54,5.52,5.47,25352.7,-0.02,-0.36,5.46,5.491,5.752,40335.05,44593.22,61851.89
2018-08-13,5.4,5.56,5.54,5.32,49275.72,0.06,1.09,5.44,5.528,5.778,42126.45,45336.25,63301.6
2018-08-10,5.46,5.49,5.48,5.42,32994.82,0.02,0.37,5.388,5.562,5.799,41943.9,47694.44,63890.46
2018-08-09,5.31,5.52,5.46,5.28,55435.0,0.16,3.02,5.392,5.617,5.826,43302.74,50582.47,68173.11
2018-08-08,5.44,5.44,5.3,5.28,38617.0,-0.12,-2.21,5.422,5.687,5.851,47402.59,52337.48,69103.28
2018-08-07,5.35,5.43,5.42,5.25,34309.7,0.14,2.65,5.522,5.773,5.874,48851.39,62796.83,71424.56
2018-08-06,5.52,5.56,5.28,5.28,48363.0,-0.22,-4.0,5.616,5.856,5.903,48546.05,74230.24,72573.37
2018-08-03,5.6,5.62,5.5,5.5,39789.01,-0.11,-1.96,5.736,5.935,5.936,53444.97,77749.54,72823.8
2018-08-02,5.75,5.78,5.61,5.43,75934.25,-0.19,-3.28,5.842,5.98,5.952,57862.19,79985.48,74657.19
2018-08-01,5.89,5.96,5.8,5.79,45861.0,-0.09,-1.53,5.952,5.998,5.965,57272.37,78321.16,73891.39
2018-07-31,5.88,5.92,5.89,5.85,32783.0,0.01,0.17,6.024,6.012,5.974,76742.27,79110.56,75974.39
2018-07-30,5.96,6.02,5.88,5.86,72857.58,-0.15,-2.49,6.096,6.027,5.99,99914.42,81266.95,79215.29
2018-07-27,6.15,6.15,6.03,6.02,61875.12,-0.13,-2.11,6.134,6.035,6.001,102054.12,80086.49,81462.61
2018-07-26,6.15,6.18,6.16,6.06,72985.14,0.0,0.0,6.118,6.035,6.004,102108.76,85763.75,82941.23
2018-07-25,6.3,6.45,6.16,6.13,143210.5,-0.09,-1.44,6.044,6.015,5.991,99369.95,85869.08,85107.08
2018-07-24,6.15,6.39,6.25,6.04,148643.77,0.18,2.96,6.0,5.975,5.988,81478.85,80052.28,81518.11
2018-07-23,5.95,6.19,6.07,5.91,83556.05,0.12,2.02,5.958,5.949,5.982,62619.47,70916.5,77623.54
2018-07-20,5.82,5.97,5.95,5.74,62148.35,0.16,2.76,5.936,5.936,5.981,58118.86,67898.05,76331.04
2018-07-19,5.94,5.94,5.79,5.77,59291.07,-0.15,-2.52,5.952,5.923,5.988,69418.73,69328.9,77487.0
2018-07-18,6.05,6.07,5.94,5.94,53755.0,-0.1,-1.66,5.986,5.931,5.994,72368.21,69461.62,80975.63
2018-07-17,6.01,6.04,6.04,5.9,54346.88,0.08,1.34,5.95,5.936,6.007,78625.71,72838.23,84181.72
2018-07-16,6.01,6.06,5.96,5.91,61052.99,-0.07,-1.16,5.94,5.953,6.008,79213.54,77163.64,89978.94
2018-07-13,5.94,6.25,6.03,5.89,118647.71,0.07,1.17,5.936,5.966,6.041,77677.24,82838.73,92557.63
2018-07-12,5.76,6.01,5.96,5.76,74038.46,0.2,3.47,5.894,5.972,6.083,69239.07,80118.72,90719.89
2018-07-11,5.89,5.89,5.76,5.64,85042.53,-0.23,-3.84,5.876,5.966,6.13,66555.03,84345.08,97129.12
2018-07-10,5.92,6.03,5.99,5.92,57286.0,0.05,0.84,5.922,6.0,6.206,67050.74,82983.93,100289.6
2018-07-09,5.88,5.94,5.94,5.83,53371.49,0.12,2.06,5.966,6.015,6.276,75113.75,84330.58,106935.5
2018-07-06,5.91,5.97,5.82,5.64,76456.85,-0.02,-0.34,5.996,6.026,6.372,88000.23,84764.03,113731.89
2018-07-05,5.95,6.06,5.87,5.86,60618.3,-0.12,-2.0,6.05,6.052,6.467,90998.37,85645.09,117943.72
2018-07-04,6.22,6.22,5.99,5.95,87521.08,-0.22,-3.54,6.056,6.056,6.551,102135.13,92489.64,120219.15
2018-07-03,6.1,6.25,6.21,5.99,97601.01,0.12,1.97,6.078,6.078,6.628,98917.12,95525.2,119740.33
2018-07-02,6.09,6.27,6.09,6.04,117803.91,0.0,0.0,6.064,6.062,6.687,93547.41,102794.24,119935.01
2018-06-29,5.91,6.11,6.09,5.81,91447.55,0.19,3.22,6.056,6.116,6.755,81527.82,102276.53,127127.29
2018-06-28,6.08,6.13,5.9,5.81,116302.12,-0.2,-3.28,6.054,6.193,6.843,80291.82,101321.06,131487.51
2018-06-27,6.12,6.23,6.1,6.08,71431.01,-0.04,-0.65,6.056,6.294,6.928,82844.14,109913.16,137030.21
2018-06-26,5.96,6.16,6.14,5.88,70752.44,0.09,1.49,6.078,6.412,7.033,92133.28,117595.27,141366.83
2018-06-25,6.14,6.21,6.05,6.04,57706.0,-0.03,-0.49,6.06,6.537,7.131,112041.08,129540.42,147929.23
2018-06-22,5.88,6.1,6.08,5.87,85267.52,0.17,2.88,6.176,6.717,7.222,123025.24,142699.76,156318.49
2018-06-21,6.22,6.33,5.91,5.88,129063.71,-0.3,-4.83,6.332,6.881,7.326,122350.3,150242.34,164010.16
2018-06-20,6.05,6.27,6.21,6.0,117876.74,0.16,2.65,6.532,7.045,7.454,136982.17,147948.66,175472.02
2018-06-19,6.62,6.64,6.05,5.97,170291.41,-0.58,-8.75,6.746,7.177,7.553,143057.27,143955.45,182880.43
2018-06-15,6.86,6.98,6.63,6.61,112626.84,-0.23,-3.35,7.014,7.311,7.661,147039.77,137075.79,195148.26
2018-06-14,6.85,7.02,6.86,6.8,81892.82,-0.05,-0.72,7.258,7.394,7.749,162374.28,151978.04,204188.72
2018-06-13,7.23,7.28,6.91,6.89,202223.06,-0.37,-5.08,7.43,7.492,7.83,178134.38,161653.95,217946.75
2018-06-12,7.39,7.48,7.28,7.11,148252.2,-0.11,-1.49,7.558,7.561,7.897,158915.14,164147.27,226991.11
2018-06-11,7.8,7.82,7.39,7.35,190203.91,-0.46,-5.86,7.608,7.653,7.939,144853.63,165138.39,227635.38
2018-06-08,7.72,7.87,7.85,7.62,189299.41,0.13,1.68,7.608,7.724,7.974,127111.81,166318.04,227000.43
2018-06-07,7.61,7.8,7.72,7.58,160693.3,0.17,2.25,7.53,7.727,7.98,141581.8,169937.22,231174.92
2018-06-06,7.54,7.71,7.55,7.5,106126.86,0.02,0.27,7.554,7.771,7.999,145173.52,177777.98,232117.91
2018-06-05,7.4,7.55,7.53,7.37,77944.69,0.14,1.89,7.564,7.863,8.025,169379.4,202995.38,240745.79
2018-06-04,7.53,7.57,7.39,7.35,101494.77,-0.07,-0.94,7.698,7.928,8.061,185423.14,221805.41,258560.43
2018-06-01,7.78,7.83,7.46,7.27,261649.38,-0.38,-4.85,7.84,8.011,8.08,205524.26,253220.73,261817.69
2018-05-31,7.72,7.9,7.84,7.67,178651.92,0.24,3.16,7.924,8.103,8.091,198292.63,256399.4,256057.05
2018-05-30,8.2,8.2,7.6,7.5,227156.23,-0.6,-7.32,7.988,8.167,8.081,210382.44,274239.55,255536.87
2018-05-29,8.15,8.28,8.2,8.05,158163.38,0.1,1.24,8.162,8.233,8.068,236611.36,289834.96,252235.4
2018-05-28,7.86,8.24,8.1,7.82,202000.41,0.22,2.79,8.158,8.224,8.038,258187.69,290132.38,252088.26
2018-05-25,8.1,8.21,7.88,7.88,225491.23,-0.28,-3.43,8.182,8.223,8.016,300917.19,287682.82,255301.93
2018-05-24,8.46,8.47,8.16,8.15,239100.95,-0.31,-3.66,8.282,8.233,8.025,314506.16,292412.62,259997.43
2018-05-23,8.13,8.52,8.47,8.06,358300.81,0.29,3.54,8.346,8.227,8.021,338096.65,286457.84,263768.3
2018-05-22,8.2,8.25,8.18,7.99,266045.03,-0.04,-0.49,8.304,8.186,7.994,343058.56,278496.2,266682.11
2018-05-21,8.57,8.7,8.22,8.2,415647.91,-0.16,-1.91,8.29,8.194,7.975,322077.08,295315.44,272446.88
2018-05-18,8.5,8.6,8.38,8.27,293436.12,-0.1,-1.18,8.264,8.148,7.943,274448.44,270414.66,263586.44
2018-05-17,8.24,8.51,8.48,8.15,357053.38,0.22,2.66,8.184,8.079,7.899,270319.08,255714.7,261607.45
2018-05-16,8.06,8.48,8.26,8.02,383110.38,0.15,1.85,8.108,7.994,7.831,234819.03,236834.19,252714.82
2018-05-15,8.01,8.14,8.11,7.91,161137.62,0.02,0.25,8.068,7.903,7.787,213933.84,214635.84,240950.31
2018-05-14,7.9,8.09,8.09,7.8,177504.72,0.11,1.38,8.098,7.852,7.757,268553.81,214044.13,240872.62
2018-05-11,8.1,8.29,7.98,7.98,272789.31,-0.12,-1.48,8.032,7.809,7.729,266380.87,222921.04,240252.43
2018-05-10,8.03,8.13,8.1,7.96,179553.12,0.04,0.5,7.974,7.817,7.71,241110.31,227582.24,240471.98
2018-05-09,8.18,8.23,8.06,7.93,278684.44,-0.2,-2.42,7.88,7.814,7.684,238849.35,241078.76,245471.76
2018-05-08,7.72,8.45,8.26,7.7,434237.44,0.5,6.44,7.738,7.801,7.661,215337.84,254868.01,249469.82
2018-05-07,7.89,8.0,7.76,7.73,166640.02,0.07,0.91,7.606,7.755,7.638,159534.46,249578.31,254925.47
2018-05-04,7.59,7.78,7.69,7.57,146436.55,0.06,0.79,7.586,7.737,7.668,179461.21,256758.22,279099.07
2018-05-03,7.38,7.64,7.63,7.3,168248.31,0.28,3.81,7.66,7.718,7.694,214054.17,267500.2,317171.72
2018-05-02,7.5,7.59,7.35,7.26,161126.88,-0.25,-3.29,7.748,7.667,7.699,243308.16,268595.45,325610.79
2018-04-27,7.77,7.81,7.6,7.5,155220.52,-0.06,-0.78,7.864,7.67,7.707,294398.18,267264.77,327619.64
2018-04-26,8.04,8.1,7.66,7.66,266273.81,-0.4,-4.96,7.904,7.662,7.695,339622.16,267701.12,336839.28
2018-04-25,7.94,8.27,8.06,7.89,319401.31,-0.01,-0.12,7.888,7.648,7.696,334055.22,257583.82,343934.32
2018-04-24,7.83,8.17,8.07,7.74,314518.28,0.14,1.76,7.776,7.603,7.655,320946.23,253361.73,342212.23
2018-04-23,8.0,8.36,7.93,7.79,416577.0,0.13,1.67,7.586,7.554,7.598,293882.74,249864.75,346452.81
2018-04-20,7.56,7.93,7.8,7.47,381340.38,0.22,2.9,7.476,7.521,7.581,240131.36,244071.63,340031.89
2018-04-19,7.5,7.78,7.58,7.41,238439.12,0.08,1.07,7.42,7.521,7.568,195780.08,260272.64,341652.01
2018-04-18,7.23,7.56,7.5,7.12,253856.36,0.38,5.34,7.408,7.598,7.578,181112.41,301439.92,349581.71
2018-04-17,7.38,7.41,7.12,7.12,179200.84,-0.26,-3.52,7.43,7.67,7.6,185777.23,366843.25,364597.82
2018-04-16,7.48,7.5,7.38,7.31,147820.08,-0.14,-1.86,7.522,7.731,7.662,205846.77,382626.13,400745.89
2018-04-13,7.57,7.68,7.52,7.5,159583.98,0.0,0.0,7.566,7.744,7.691,248011.9,387974.51,421110.28
2018-04-12,7.61,7.77,7.52,7.5,165100.81,-0.09,-1.18,7.622,7.728,7.722,324765.2,405977.44,447340.81
2018-04-11,7.58,7.82,7.61,7.53,277180.44,0.03,0.4,7.788,7.744,7.74,421767.43,430284.83,473916.43
2018-04-10,7.57,7.7,7.58,7.41,279548.53,-0.02,-0.26,7.91,7.706,7.741,547909.26,431062.74,486075.44
2018-04-09,7.62,7.65,7.6,7.36,358645.72,-0.2,-2.56,7.94,7.641,7.721,559405.49,443040.86,486735.17
2018-04-04,8.2,8.29,7.8,7.69,543350.5,-0.55,-6.59,7.922,7.641,7.694,527937.13,435992.14,480011.95
2018-04-03,7.98,8.47,8.35,7.94,650111.94,0.13,1.58,7.834,7.614,7.665,487189.68,423031.38,468237.26
2018-04-02,8.48,8.5,8.22,8.17,907889.62,0.49,6.34,7.7,7.557,7.608,438802.24,397723.5,455215.43
2018-03-30,7.56,7.84,7.73,7.46,337029.69,0.22,2.93,7.502,7.529,7.564,314216.21,362352.39,439766.79
2018-03-29,7.43,7.59,7.51,7.34,201303.88,0.15,2.04,7.342,7.592,7.533,326676.22,418865.65,440804.83
2018-03-28,7.52,7.77,7.36,7.31,339613.28,-0.32,-4.17,7.36,7.638,7.48,344047.16,454246.04,436263.2
2018-03-27,7.42,7.79,7.68,7.32,408174.72,0.45,6.22,7.394,7.716,7.421,358873.07,488704.19,421236.31
2018-03-26,6.85,7.24,7.23,6.83,284959.47,0.3,4.33,7.414,7.736,7.347,356644.76,517548.03,403745.86
2018-03-23,7.15,7.37,6.93,6.84,399329.75,-0.67,-8.82,7.556,7.776,7.293,410488.56,541088.14,391627.42
2018-03-22,7.53,7.76,7.6,7.45,288158.59,0.07,0.93,7.842,7.8,7.246,511055.07,530429.49,373055.88
2018-03-21,7.8,7.96,7.53,7.52,413742.81,-0.25,-3.21,7.916,7.747,7.166,564444.92,524031.75,360344.78
2018-03-20,7.8,7.85,7.78,7.61,397033.16,-0.16,-2.02,8.038,7.715,7.083,618535.31,513443.14,340587.19
2018-03-19,8.1,8.16,7.94,7.8,554178.5,-0.42,-5.02,8.058,7.658,6.988,678451.3,512707.36,322129.79
2018-03-16,8.23,8.75,8.36,8.13,902162.31,0.39,4.89,7.996,7.598,6.883,671687.71,517181.19,295846.76
2018-03-15,7.88,8.1,7.97,7.62,555107.81,-0.17,-2.09,7.758,7.473,6.754,549803.9,462744.01,253119.19
2018-03-14,7.92,8.3,8.14,7.8,684194.75,0.26,3.3,7.578,7.322,6.655,483618.58,418280.37,227087.88
2018-03-13,7.58,8.38,7.88,7.58,696613.12,0.25,3.28,7.392,7.125,6.545,408350.98,353768.43,195045.29
2018-03-12,7.44,7.88,7.63,7.28,520360.56,0.46,6.42,7.258,6.957,6.445,346963.43,289943.69,163693.8
2018-03-09,7.05,7.32,7.17,6.95,292743.25,0.1,1.41,7.2,6.809,6.364,362674.67,242166.7,139995.31
2018-03-08,7.12,7.19,7.07,6.98,224181.23,-0.14,-1.94,7.188,6.692,6.308,375684.13,215682.28,129471.99
2018-03-07,7.13,7.33,7.21,7.08,307856.72,0.0,0.0,7.066,6.585,6.264,352942.16,196657.81,123278.08
2018-03-06,7.2,7.27,7.21,7.02,389675.38,-0.13,-1.77,6.858,6.451,6.229,299185.89,167731.24,111855.07
2018-03-05,7.4,7.48,7.34,7.11,598916.75,0.23,3.23,6.656,6.317,6.208,232923.95,131552.21,94858.11
2018-03-02,6.37,7.11,7.11,6.34,357790.56,0.65,10.06,6.418,6.168,6.181,121658.74,74512.34,68889.85
2018-03-01,6.18,6.49,6.46,6.13,110471.37,0.29,4.7,6.196,6.034,6.174,55680.43,43494.37,55316.06
2018-02-28,6.15,6.25,6.17,6.11,39075.4,-0.03,-0.48,6.104,5.988,6.201,40373.46,35895.38,61061.73
2018-02-27,6.16,6.3,6.2,6.1,58365.68,0.05,0.81,6.044,5.964,6.231,36276.59,36322.14,64629.48
2018-02-26,6.01,6.18,6.15,6.0,42590.7,0.15,2.5,5.978,5.932,6.256,30180.47,37443.92,64458.32
2018-02-23,6.0,6.01,6.0,5.94,27899.0,0.0,0.0,5.918,5.918,6.283,27365.94,37823.92,65441.73
2018-02-22,5.89,6.02,6.0,5.89,33936.52,0.13,2.21,5.872,5.923,6.319,31308.31,43261.7,67753.76
2018-02-14,5.86,5.9,5.87,5.84,18591.05,0.0,0.0,5.872,5.942,6.353,31417.31,49898.36,69275.96
2018-02-13,5.89,5.94,5.87,5.85,27885.1,0.02,0.34,5.884,6.007,6.395,36367.7,55978.89,75994.1
2018-02-12,5.85,5.9,5.85,5.81,28518.01,0.08,1.39,5.886,6.099,6.425,44707.36,58164.01,77904.82
2018-02-09,5.85,5.95,5.77,5.7,47610.86,-0.23,-3.83,5.918,6.194,6.452,48281.9,63267.35,82268.9
2018-02-08,5.93,6.02,6.0,5.92,34481.51,0.07,1.18,5.974,6.313,6.496,55215.1,67137.75,82693.0
2018-02-07,5.95,5.98,5.93,5.8,43343.01,0.05,0.85,6.012,6.414,6.532,68379.42,86228.08,84829.61
2018-02-06,5.9,5.97,5.88,5.78,69583.41,-0.13,-2.16,6.13,6.497,6.567,75590.08,92936.81,86662.86
2018-02-05,5.94,6.06,6.01,5.85,46390.71,-0.04,-0.66,6.312,6.58,6.607,71620.66,91472.73,86050.43
2018-02-02,6.2,6.26,6.05,6.01,82276.86,-0.14,-2.26,6.47,6.648,6.642,78252.81,93059.55,88259.21
2018-02-01,6.53,6.58,6.19,6.15,100303.09,-0.33,-5.06,6.652,6.714,6.678,79060.39,92245.82,88516.55
2018-01-31,6.76,6.8,6.52,6.49,79396.35,-0.27,-3.98,6.816,6.763,6.71,104076.74,88653.56,89409.79
2018-01-30,6.79,6.87,6.79,6.73,49736.3,-0.01,-0.15,6.864,6.783,6.724,110283.53,96009.32,90908.97
2018-01-29,6.96,6.96,6.8,6.77,79551.43,-0.16,-2.3,6.848,6.751,6.724,111324.79,97645.62,92297.37
2018-01-26,6.95,7.01,6.96,6.86,86314.8,-0.05,-0.71,6.826,6.71,6.721,107866.29,101270.44,93848.42
2018-01-25,6.81,7.28,7.01,6.76,225384.84,0.25,3.7,6.776,6.678,6.716,105431.24,98248.26,97584.49
2018-01-24,6.69,6.81,6.76,6.59,110430.27,0.05,0.74,6.71,6.649,6.697,73230.38,83431.14,91698.09
2018-01-23,6.68,6.77,6.71,6.66,54942.61,0.02,0.3,6.702,6.637,6.692,81735.1,80388.92,91722.41
2018-01-22,6.69,6.7,6.69,6.6,62258.93,-0.02,-0.3,6.654,6.634,6.687,83966.45,80628.14,97731.26
2018-01-19,6.69,6.79,6.71,6.66,74139.56,0.03,0.45,6.594,6.635,6.693,94674.59,83458.87,106708.08
2018-01-18,6.7,6.73,6.68,6.64,64380.54,-0.04,-0.59,6.58,6.642,6.716,91065.27,84787.27,115333.68
2018-01-17,6.45,6.75,6.72,6.35,152953.88,0.25,3.86,6.588,6.657,6.751,93631.9,90166.01,121566.48
2018-01-16,6.33,6.56,6.47,6.32,66099.34,0.08,1.25,6.572,6.664,6.783,79042.73,85808.62,122354.94
2018-01-15,6.65,6.67,6.39,6.34,115799.65,-0.25,-3.77,6.614,6.696,6.816,77289.84,86949.12,128611.32
2018-01-12,6.73,6.73,6.64,6.63,56092.93,-0.08,-1.19,6.676,6.732,6.866,72243.15,86426.4,131111.07
2018-01-11,6.61,6.74,6.72,6.6,77213.69,0.08,1.21,6.704,6.754,6.91,78509.28,96920.73,139143.13
2018-01-10,6.68,6.72,6.64,6.57,80008.03,-0.04,-0.6,6.726,6.745,6.947,86700.12,99965.05,154113.41
2018-01-09,6.7,6.71,6.68,6.62,57334.88,-0.02,-0.3,6.756,6.747,7.0,92574.5,103055.91,159931.36
2018-01-08,6.74,6.74,6.7,6.57,90566.21,-0.08,-1.18,6.778,6.74,7.058,96608.41,114834.39,166859.35
2018-01-05,6.87,6.87,6.78,6.74,87423.57,-0.05,-0.73,6.788,6.751,7.119,100609.64,129957.29,176770.12
2018-01-04,6.78,6.92,6.83,6.75,118167.89,0.04,0.59,6.804,6.789,7.166,115332.18,145880.09,185793.91
2018-01-03,6.79,6.83,6.79,6.7,109379.96,0.0,0.0,6.764,6.845,7.231,113229.98,152966.95,196193.9
2018-01-02,6.73,6.83,6.79,6.71,77504.4,0.04,0.59,6.738,6.901,7.286,113537.32,158901.26,208870.72
2017-12-29,6.8,6.81,6.75,6.69,110572.4,-0.11,-1.6,6.702,6.936,7.34,133060.36,170273.52,224862.97
2017-12-28,6.65,6.93,6.86,6.6,161036.25,0.23,3.47,6.714,7.0,7.406,159304.94,175795.74,236975.07
2017-12-27,6.65,6.68,6.63,6.55,107656.88,-0.03,-0.45,6.774,7.065,7.474,176428.01,181365.54,257404.82
2017-12-26,6.65,6.72,6.66,6.57,110916.67,0.05,0.76,6.926,7.148,7.543,192703.93,208261.78,282277.19
2017-12-25,6.78,6.87,6.61,6.57,175119.62,-0.2,-2.94,7.064,7.253,7.588,204265.2,216806.82,290122.89
2017-12-22,7.11,7.11,6.81,6.81,241795.3,-0.35,-4.89,7.17,7.376,7.624,207486.67,218884.31,299829.64
2017-12-21,7.36,7.36,7.16,7.03,246651.56,-0.23,-3.11,7.286,7.487,7.661,192286.54,223582.95,311460.51
2017-12-20,7.3,7.48,7.39,7.25,189036.48,0.04,0.54,7.356,7.543,7.647,186303.07,225707.72,307005.7
2017-12-19,7.11,7.36,7.35,7.1,168723.05,0.21,2.94,7.37,7.616,7.635,223819.63,239420.85,308684.55
2017-12-18,7.41,7.44,7.14,7.04,191226.94,-0.25,-3.38,7.442,7.671,7.632,229348.43,258840.17,310382.07
2017-12-15,7.46,7.5,7.39,7.34,165794.66,-0.12,-1.6,7.582,7.744,7.642,230281.95,279452.42,316900.69
2017-12-14,7.45,7.51,7.51,7.3,216734.23,0.05,0.67,7.688,7.812,7.634,254879.35,298154.4,331480.72
2017-12-13,7.62,7.72,7.46,7.3,376619.25,-0.25,-3.24,7.73,7.882,7.607,265112.37,333444.1,335705.05
2017-12-12,7.86,7.97,7.71,7.69,196367.08,-0.13,-1.66,7.862,7.938,7.559,255022.06,356292.6,320920.25
2017-12-11,7.85,7.9,7.84,7.73,195894.52,-0.08,-1.01,7.9,7.922,7.503,288331.91,363438.96,319071.47
2017-12-08,7.66,8.02,7.92,7.51,288781.69,0.2,2.59,7.906,7.872,7.449,328622.88,380774.97,322068.64
2017-12-07,8.04,8.09,7.72,7.72,267899.31,-0.4,-4.93,7.936,7.834,7.373,341429.44,399338.07,310061.82
2017-12-06,7.87,8.13,8.12,7.75,326167.72,0.22,2.79,8.034,7.75,7.312,401775.83,388303.69,298080.56
2017-12-05,7.9,8.09,7.9,7.66,362916.31,0.03,0.38,8.014,7.654,7.232,457563.13,377948.25,284001.19
2017-12-04,8.03,8.38,7.87,7.82,397349.38,-0.2,-2.48,7.944,7.592,7.157,438546.01,361923.97,268115.95
2017-12-01,8.12,8.32,8.07,8.03,352814.47,-0.14,-1.71,7.838,7.539,7.085,432927.05,354348.96,250113.04
2017-11-30,7.92,8.49,8.21,7.76,569631.25,0.19,2.37,7.732,7.455,7.0,457246.7,364807.04,235162.24
2017-11-29,7.85,8.18,8.02,7.68,605104.25,0.47,6.22,7.466,7.331,6.914,374831.55,337966.0,209105.67
2017-11-28,7.45,7.66,7.55,7.33,267830.72,0.21,2.86,7.294,7.18,6.843,298333.36,285547.91,181781.51
2017-11-27,7.52,7.79,7.34,7.31,369254.56,-0.2,-2.65,7.24,7.083,6.8,285301.92,274703.97,170455.4
2017-11-24,6.89,7.57,7.54,6.89,474412.72,0.66,9.59,7.24,7.026,6.766,275770.86,263362.32,155019.1
2017-11-23,7.12,7.16,6.88,6.81,157555.48,-0.28,-3.91,7.178,6.912,6.734,272367.37,220785.58,133279.68
2017-11-22,7.27,7.27,7.16,6.99,222613.34,-0.12,-1.65,7.196,6.874,6.735,301100.45,207857.43,127323.8
2017-11-21,7.22,7.35,7.28,7.11,202673.52,-0.06,-0.82,7.066,6.809,6.724,272762.46,190054.13,117458.61
2017-11-20,7.1,7.46,7.34,7.1,321599.25,0.11,1.52,6.926,6.722,6.706,264106.02,174307.93,108546.08
2017-11-17,6.93,7.42,7.23,6.8,457395.28,0.26,3.73,6.812,6.63,6.689,250953.77,145877.13,94021.98
2017-11-16,6.67,7.1,6.97,6.66,301220.88,0.46,7.07,6.646,6.545,6.674,169203.78,105517.43,72933.44
2017-11-15,6.55,6.62,6.51,6.47,80923.36,-0.07,-1.06,6.552,6.496,6.665,114614.4,80245.33,60462.0
2017-11-14,6.61,6.69,6.58,6.52,159391.34,-0.19,-2.81,6.552,6.505,6.685,107345.79,78015.12,58557.75
2017-11-13,6.72,7.04,6.77,6.72,255837.98,0.37,5.78,6.518,6.517,6.708,84509.83,66206.83,52073.39
2017-11-10,6.48,6.5,6.4,6.38,48645.34,-0.1,-1.54,6.448,6.506,6.723,40800.49,46675.88,41439.74
2017-11-09,6.47,6.53,6.5,6.47,28274.0,-0.01,-0.15,6.444,6.555,6.761,41831.09,45773.78,41027.3
2017-11-08,6.43,6.56,6.51,6.4,44580.31,0.1,1.56,6.44,6.596,6.791,45876.26,46790.18,41816.45
2017-11-07,6.42,6.47,6.41,6.36,45211.51,-0.01,-0.16,6.458,6.638,6.823,48684.44,44863.09,41658.55
2017-11-06,6.35,6.44,6.42,6.31,37291.28,0.04,0.63,6.516,6.69,6.861,47903.84,42784.24,42380.98
2017-11-03,6.5,6.54,6.38,6.33,53798.33,-0.1,-1.54,6.564,6.747,6.896,52551.28,42166.83,42845.41
2017-11-02,6.62,6.62,6.48,6.45,48499.85,-0.12,-1.82,6.666,6.802,6.929,49716.47,40349.44,41717.2
2017-11-01,6.63,6.68,6.6,6.58,58621.24,-0.1,-1.49,6.752,6.834,6.956,47704.1,40678.66,41331.87
2017-10-31,6.67,6.72,6.7,6.59,41308.5,0.04,0.6,6.818,6.864,6.98,41041.74,39100.39,41744.0
2017-10-30,6.86,6.86,6.66,6.6,60528.47,-0.23,-3.34,6.864,6.898,7.001,37664.64,37939.94,41958.02
2017-10-27,6.92,6.95,6.89,6.87,39624.27,-0.02,-0.29,6.93,6.939,7.023,31782.38,36203.59,40917.09
2017-10-26,6.92,6.95,6.91,6.82,38438.0,-0.02,-0.29,6.938,6.966,7.037,30982.41,36280.83,41465.9
2017-10-25,6.91,6.95,6.93,6.86,25309.47,0.0,0.0,6.916,6.986,7.055,33653.23,36842.73,41875.61
2017-10-24,7.02,7.02,6.93,6.87,24423.0,-0.06,-0.86,6.91,7.007,7.077,37159.04,38454.0,43006.24
2017-10-23,6.94,7.04,6.99,6.93,31117.14,0.06,0.87,6.932,7.031,7.098,38215.24,41977.72,44252.19
2017-10-20,6.81,6.95,6.93,6.81,35624.45,0.13,1.91,6.948,7.044,7.118,40624.81,43524.0,44620.38
2017-10-19,6.95,6.97,6.8,6.78,51792.1,-0.1,-1.45,6.994,7.056,7.138,41579.25,43084.96,45167.66
2017-10-18,7.05,7.07,6.9,6.9,42838.5,-0.14,-1.99,7.056,7.077,7.166,40032.23,41985.07,45427.66
2017-10-17,7.03,7.08,7.04,7.0,29704.0,-0.03,-0.42,7.104,7.096,7.192,39748.96,44387.6,46738.54
2017-10-16,7.16,7.18,7.07,7.02,43165.0,-0.09,-1.26,7.13,7.104,7.215,45740.21,45976.1,52070.64
2017-10-13,7.12,7.18,7.16,7.09,40396.64,0.05,0.7,7.14,7.107,7.229,46423.19,45630.58,53412.36
2017-10-12,7.16,7.19,7.11,7.09,44057.0,-0.03,-0.42,7.118,7.108,7.239,44590.66,46650.98,55327.59
2017-10-11,7.16,7.2,7.14,7.13,41422.18,-0.03,-0.42,7.098,7.123,7.25,43937.91,46908.48,58545.19
2017-10-10,7.1,7.17,7.17,7.09,59660.22,0.05,0.7,7.088,7.146,7.266,49026.24,47558.48,59740.67
2017-10-09,7.12,7.16,7.12,7.07,46579.91,0.07,0.99,7.078,7.165,7.28,46211.99,46526.65,59516.43
2017-09-29,7.02,7.08,7.05,7.0,31234.0,0.04,0.57,7.074,7.191,7.298,44837.97,45716.77,61277.51
2017-09-28,7.09,7.1,7.01,7.0,40793.23,-0.08,-1.13,7.098,7.219,7.322,48711.3,47250.37,66364.44
2017-09-27,7.06,7.12,7.09,6.99,66863.82,-0.03,-0.42,7.148,7.254,7.355,49879.05,48870.24,74572.65
2017-09-26,7.19,7.26,7.12,7.1,45589.0,0.02,0.28,7.204,7.288,7.384,46090.73,49089.48,87031.28
2017-09-25,7.2,7.23,7.1,7.09,39709.8,-0.07,-0.98,7.252,7.325,7.403,46841.31,58165.18,95225.48
2017-09-22,7.28,7.28,7.17,7.16,50600.63,-0.09,-1.24,7.308,7.351,7.415,46595.56,61194.14,98472.87
2017-09-21,7.36,7.36,7.26,7.25,46632.01,-0.11,-1.49,7.34,7.37,7.413,45789.43,64004.2,97818.16
2017-09-20,7.33,7.38,7.37,7.3,47922.21,0.01,0.14,7.36,7.377,7.402,47861.43,70181.91,97418.25
2017-09-19,7.38,7.42,7.36,7.32,49341.9,-0.02,-0.27,7.372,7.386,7.393,52088.23,71922.85,96806.93
2017-09-18,7.33,7.4,7.38,7.31,38481.05,0.05,0.68,7.398,7.395,7.387,69489.05,72506.21,97385.84
2017-09-15,7.36,7.4,7.33,7.31,46570.0,-0.03,-0.41,7.394,7.405,7.379,75792.72,76838.25,97813.65
2017-09-14,7.42,7.45,7.36,7.33,56992.0,-0.07,-0.94,7.4,7.425,7.374,82218.97,85478.51,98092.27
2017-09-13,7.47,7.48,7.43,7.35,69056.2,-0.06,-0.8,7.394,7.455,7.366,92502.39,100275.05,98074.35
2017-09-12,7.37,7.54,7.49,7.31,136346.0,0.13,1.77,7.4,7.479,7.35,91757.47,124973.07,96414.49
2017-09-11,7.34,7.39,7.36,7.3,69999.39,0.0,0.0,7.392,7.481,7.33,75523.37,132285.77,91195.99
2017-09-08,7.35,7.38,7.36,7.26,78701.27,0.03,0.41,7.416,7.478,7.318,77883.77,135751.6,89723.01
2017-09-07,7.47,7.52,7.33,7.31,108409.07,-0.13,-1.74,7.45,7.455,7.3,88738.04,131632.11,88909.45
2017-09-06,7.41,7.51,7.46,7.37,65331.64,0.01,0.13,7.516,7.427,7.291,108047.71,124654.59,86078.58
2017-09-05,7.45,7.53,7.45,7.43,55175.47,-0.03,-0.4,7.558,7.399,7.278,158188.67,121691.01,85494.69
2017-09-04,7.5,7.54,7.48,7.4,81801.41,-0.05,-0.66,7.57,7.379,7.27,189048.17,122265.47,85437.97
2017-09-01,7.56,7.69,7.53,7.51,132972.62,-0.13,-1.7,7.54,7.353,7.264,193619.42,118789.05,83638.39
2017-08-31,7.46,7.86,7.66,7.46,204957.42,-0.01,-0.13,7.46,7.322,7.255,174526.18,110706.04,80633.07
2017-08-30,7.98,8.26,7.67,7.62,316036.41,0.16,2.13,7.338,7.277,7.237,141261.47,95873.65,72672.16
2017-08-29,7.38,7.56,7.51,7.34,209473.0,0.18,2.46,7.24,7.221,7.215,85193.35,67855.92,60671.22
2017-08-28,7.15,7.34,7.33,7.13,104657.67,0.2,2.81,7.188,7.179,7.21,55482.76,50106.21,55043.61
2017-08-25,7.05,7.14,7.13,7.03,37506.38,0.08,1.14,7.166,7.157,7.221,43958.68,43694.43,52877.31
2017-08-24,7.18,7.18,7.05,7.04,38633.91,-0.13,-1.81,7.184,7.144,7.242,46885.9,46186.79,53701.87
2017-08-23,7.24,7.24,7.18,7.15,35695.81,-0.07,-0.97,7.216,7.155,7.266,50485.83,47502.56,57405.17
2017-08-22,7.18,7.28,7.25,7.15,60920.05,0.03,0.42,7.202,7.156,7.281,50518.48,49298.38,59348.81
2017-08-21,7.24,7.26,7.22,7.14,47037.27,0.0,0.0,7.17,7.161,7.283,44729.66,48610.48,59949.32
2017-08-18,7.21,7.23,7.22,7.14,52142.48,0.01,0.14,7.148,7.175,7.293,43430.17,48487.73,61773.77
2017-08-17,7.1,7.22,7.21,7.08,56633.54,0.1,1.41,7.104,7.188,7.301,45487.68,50560.09,63671.08
2017-08-16,7.07,7.12,7.11,7.04,35859.08,0.02,0.28,7.094,7.196,7.315,44519.29,49470.66,69676.72
2017-08-15,7.11,7.18,7.09,7.05,31975.95,-0.02,-0.28,7.11,7.208,7.315,48078.27,53486.53,70673.95
2017-08-14,7.0,7.12,7.11,6.96,40539.8,0.11,1.57,7.152,7.24,7.307,52491.29,59981.01,71543.56
2017-08-11,7.14,7.14,7.0,6.99,62430.01,-0.16,-2.23,7.202,7.285,7.292,53545.29,62060.19,73620.63
2017-08-10,7.19,7.23,7.16,7.11,51791.61,-0.03,-0.42,7.272,7.339,7.303,55632.51,61216.94,72792.16
2017-08-09,7.3,7.3,7.19,7.18,53654.0,-0.11,-1.51,7.298,7.377,7.307,54422.04,67307.79,73626.38
2017-08-08,7.33,7.39,7.3,7.27,54041.02,-0.06,-0.81,7.306,7.405,7.304,58894.78,69399.24,73922.06
2017-08-07,7.32,7.38,7.36,7.26,45809.79,0.01,0.14,7.328,7.405,7.303,67470.73,71288.15,75522.86
2017-08-04,7.27,7.42,7.35,7.22,72866.14,0.06,0.82,7.368,7.41,7.307,70575.1,75059.82,78583.81
2017-08-03,7.22,7.35,7.29,7.2,45739.23,0.06,0.83,7.406,7.413,7.303,66801.37,76782.06,78648.66
2017-08-02,7.37,7.43,7.23,7.21,76017.72,-0.18,-2.43,7.456,7.433,7.298,80193.54,89882.78,79372.95
2017-08-01,7.57,7.65,7.41,7.35,96920.78,-0.15,-1.98,7.504,7.421,7.293,79903.69,87861.38,77655.79
2017-07-31,7.52,7.61,7.56,7.5,61331.63,0.02,0.27,7.482,7.374,7.278,75105.58,83106.11,74365.03
2017-07-28,7.54,7.59,7.54,7.47,53997.48,0.0,0.0,7.452,7.299,7.255,79544.54,85181.06,73191.03
2017-07-27,7.43,7.65,7.54,7.41,112700.09,0.07,0.94,7.42,7.267,7.229,86762.76,84367.38,72040.4
2017-07-26,7.28,7.48,7.47,7.22,74568.49,0.17,2.33,7.41,7.236,7.206,99572.03,79944.97,68097.53
2017-07-25,7.38,7.41,7.3,7.2,72930.19,-0.11,-1.48,7.338,7.202,7.187,95819.07,78444.88,66665.06
2017-07-24,7.32,7.51,7.41,7.32,83526.43,0.03,0.41,7.266,7.2,7.175,91106.65,79757.57,64986.6
2017-07-21,7.41,7.45,7.38,7.3,90088.59,-0.11,-1.47,7.146,7.204,7.156,90817.58,82107.81,62578.34
2017-07-20,7.2,7.75,7.49,7.18,176746.44,0.38,5.34,7.114,7.192,7.134,81972.0,80515.26,60268.96
2017-07-19,6.97,7.11,7.11,6.91,55803.7,0.17,2.45,7.062,7.162,7.108,60317.91,68863.11,54171.67
2017-07-18,6.78,6.99,6.94,6.78,49368.08,0.13,1.91,7.066,7.165,7.112,61070.7,67450.2,53430.82
2017-07-17,7.18,7.22,6.81,6.5,82081.11,-0.41,-5.68,7.134,7.181,7.121,68408.48,65623.94,52776.74
2017-07-14,7.23,7.24,7.22,7.16,45860.65,-0.01,-0.14,7.262,7.211,7.137,73398.04,61201.0,50880.5
2017-07-13,7.13,7.24,7.23,7.08,68476.03,0.1,1.4,7.27,7.191,7.132,79058.53,59713.43,50319.51
2017-07-12,7.29,7.3,7.13,7.08,59567.62,-0.15,-2.06,7.262,7.175,7.127,77408.31,56250.09,49781.1
2017-07-11,7.42,7.46,7.28,7.28,86057.0,-0.17,-2.28,7.264,7.171,7.122,73829.69,54885.23,48344.32
2017-07-10,7.21,7.48,7.45,7.17,107028.89,0.19,2.62,7.228,7.149,7.111,62839.4,50215.63,45767.77
2017-07-07,7.17,7.26,7.26,7.1,74163.12,0.07,0.97,7.16,7.108,7.086,49003.96,43048.86,42489.69
2017-07-06,7.14,7.2,7.19,7.1,60224.9,0.05,0.7,7.112,7.076,7.076,40368.33,40022.66,40736.19
2017-07-05,7.09,7.14,7.14,7.08,41674.55,0.04,0.56,7.088,7.054,7.071,35091.87,39480.22,40557.08
2017-07-04,7.12,7.14,7.1,7.05,31105.53,-0.01,-0.14,7.078,7.058,7.069,35940.77,39411.44,41286.72
2017-07-03,7.02,7.12,7.11,6.98,37851.72,0.09,1.28,7.07,7.06,7.061,37591.86,39929.53,42179.94
2017-06-30,7.07,7.07,7.02,6.97,30984.96,-0.05,-0.71,7.056,7.062,7.049,37093.75,40560.01,42420.2
2017-06-29,7.09,7.13,7.07,7.05,33842.57,-0.02,-0.28,7.04,7.073,7.04,39676.98,40925.59,43881.68
2017-06-28,7.06,7.17,7.09,7.04,45919.09,0.03,0.42,7.02,7.079,7.023,43868.57,43312.12,46063.84
2017-06-27,7.04,7.1,7.06,7.02,39360.98,0.02,0.28,7.038,7.073,7.004,42882.11,41803.4,45687.69
2017-06-26,6.94,7.05,7.04,6.93,35361.17,0.1,1.44,7.05,7.073,6.988,42267.2,41319.92,45574.79
2017-06-23,6.94,7.02,6.94,6.82,43901.11,-0.03,-0.43,7.068,7.063,6.971,44026.26,41930.53,46562.98
2017-06-22,7.19,7.19,6.97,6.97,54800.52,-0.21,-2.92,7.106,7.076,6.954,42174.19,41449.71,47410.24
2017-06-21,7.15,7.18,7.18,7.09,40986.77,0.06,0.84,7.138,7.087,6.937,42755.67,41633.95,48846.97
2017-06-20,7.15,7.18,7.12,7.1,36286.41,-0.01,-0.14,7.108,7.08,6.925,40724.7,43162.01,49469.18
2017-06-19,7.09,7.16,7.13,7.0,44156.5,0.0,0.0,7.096,7.062,6.924,40372.64,44430.35,49867.56
2017-06-16,7.14,7.19,7.13,7.11,34640.74,0.0,0.0,7.058,7.036,6.926,39834.8,44280.39,49656.64
2017-06-15,6.98,7.16,7.13,6.97,57707.91,0.1,1.42,7.046,7.006,6.934,40725.24,46837.77,50544.67
2017-06-14,7.05,7.07,7.03,7.0,30831.93,-0.03,-0.42,7.036,6.966,6.94,40512.23,48815.56,50257.73
2017-06-13,6.9,7.09,7.06,6.9,34526.12,0.12,1.73,7.052,6.934,6.946,45599.31,49571.97,50223.39
2017-06-12,7.07,7.07,6.94,6.94,41467.28,-0.13,-1.84,7.028,6.903,6.951,48488.07,49829.67,50907.39
2017-06-09,7.14,7.14,7.07,7.04,39092.96,-0.01,-0.14,7.014,6.879,6.969,48725.99,51195.42,52619.27
2017-06-08,7.12,7.16,7.08,7.06,56642.87,-0.03,-0.42,6.966,6.832,6.985,52950.29,53370.77,54871.65
2017-06-07,6.94,7.12,7.11,6.94,56267.33,0.17,2.45,6.896,6.786,7.014,57118.89,56060.0,54422.37
2017-06-06,6.88,6.94,6.94,6.82,48969.89,0.07,1.02,6.816,6.769,7.037,53544.63,55776.35,53613.76
2017-06-05,6.83,6.88,6.87,6.8,42656.89,0.04,0.59,6.778,6.786,7.073,51171.26,55304.77,53544.28
2017-06-02,6.7,6.87,6.83,6.65,60214.47,0.1,1.49,6.744,6.816,7.115,53664.85,55032.88,53970.35
2017-06-01,6.71,6.86,6.73,6.62,77485.88,0.02,0.3,6.698,6.861,7.162,53791.26,54251.57,55940.97
2017-05-31,6.85,6.88,6.71,6.71,38396.0,-0.04,-0.59,6.676,6.914,7.221,55001.1,51699.91,55475.84
2017-05-26,6.72,6.78,6.75,6.67,37103.08,0.05,0.75,6.722,6.958,7.291,58008.08,50874.81,56691.85
2017-05-25,6.64,6.75,6.7,6.5,55124.84,0.1,1.51,6.794,6.998,7.348,59438.28,51985.12,58790.35
2017-05-24,6.61,6.63,6.6,6.43,60846.48,-0.02,-0.3,6.888,7.059,7.41,56400.91,54043.12,57763.52
2017-05-23,6.87,6.93,6.62,6.61,83535.11,-0.32,-4.61,7.024,7.138,7.475,54711.89,56372.53,57863.76
2017-05-22,7.11,7.13,6.94,6.93,53430.9,-0.17,-2.39,7.152,7.241,7.539,48398.71,52784.75,57817.04
2017-05-19,7.17,7.2,7.11,7.04,44254.06,-0.06,-0.84,7.194,7.305,7.607,43741.54,51451.16,57277.64
2017-05-18,7.21,7.29,7.17,7.15,39938.0,-0.11,-1.51,7.202,7.36,7.664,44531.96,51783.78,58224.38
2017-05-17,7.25,7.33,7.28,7.22,52401.36,0.02,0.28,7.23,7.414,7.727,51685.33,52907.83,60736.19
2017-05-16,7.18,7.26,7.26,7.01,51969.24,0.11,1.54,7.252,7.462,7.8,58033.17,57630.37,61194.06
2017-05-15,7.16,7.22,7.15,7.13,30145.04,0.0,0.0,7.33,7.528,7.878,57170.78,59251.77,61986.13
2017-05-12,7.19,7.25,7.15,7.12,48206.18,-0.04,-0.56,7.416,7.623,7.972,59160.79,62508.88,63536.11
2017-05-11,7.25,7.35,7.31,7.01,75704.85,-0.08,-1.08,7.518,7.697,8.074,59035.6,65595.58,65631.59
2017-05-10,7.72,7.77,7.39,7.36,84140.52,-0.26,-3.4,7.598,7.76,8.164,54130.32,61483.93,65044.34
2017-05-09,7.58,7.68,7.65,7.45,47657.33,0.07,0.92,7.672,7.812,8.249,57227.58,59354.99,64464.7
2017-05-08,7.61,7.7,7.58,7.57,40095.06,-0.08,-1.04,7.726,7.837,8.319,61332.75,62849.32,65639.58
2017-05-05,7.73,7.79,7.66,7.66,47580.26,-0.05,-0.65,7.83,7.909,8.399,65856.97,63104.12,67845.76
2017-05-04,7.75,7.87,7.71,7.7,51178.42,-0.05,-0.64,7.876,7.968,8.468,72155.55,64664.98,68839.32
2017-05-03,7.65,7.83,7.76,7.62,99626.84,-0.16,-2.02,7.922,8.04,8.536,68837.53,68564.56,71932.28
2017-05-02,8.11,8.11,7.92,7.9,68183.16,-0.18,-2.22,7.952,8.137,8.596,61482.4,64757.75,69766.81
2017-04-28,7.89,8.12,8.1,7.82,62716.19,0.21,2.66,7.948,8.228,8.646,64365.9,64720.5,72668.5
2017-04-27,7.86,7.94,7.89,7.61,79073.14,-0.05,-0.63,7.988,8.321,8.7,60351.26,64563.33,73448.0
2017-04-26,7.91,7.96,7.94,7.9,34588.33,0.03,0.38,8.06,8.45,8.774,57174.41,65667.6,73113.91
2017-04-25,7.92,8.0,7.91,7.86,62851.18,0.01,0.13,8.158,8.567,8.844,68291.59,68604.76,77744.45
2017-04-24,8.28,8.28,7.9,7.88,82600.65,-0.4,-4.82,8.322,8.685,8.913,68033.1,69574.4,77645.97
2017-04-21,8.27,8.33,8.3,8.23,42642.99,0.05,0.61,8.508,8.801,8.98,65075.1,68429.84,79097.23
2017-04-20,8.39,8.45,8.25,8.18,63188.88,-0.18,-2.13,8.654,8.888,9.035,68775.41,72587.41,80757.87
2017-04-19,8.71,8.71,8.43,8.31,90174.26,-0.3,-3.44,8.84,8.968,9.101,74160.8,73013.65,80666.91
2017-04-18,8.85,8.89,8.73,8.72,61558.72,-0.1,-1.13,8.976,9.031,9.156,68917.93,75299.99,79769.84
2017-04-17,9.02,9.03,8.83,8.73,67810.63,-0.2,-2.21,9.048,9.055,9.197,71115.71,74775.88,80239.72
2017-04-14,9.18,9.18,9.03,9.01,61144.56,-0.15,-1.63,9.094,9.063,9.236,71784.58,80616.5,80589.86
2017-04-13,9.15,9.3,9.18,9.15,90115.84,0.07,0.77,9.122,9.079,9.26,76399.42,82332.66,82478.42
2017-04-12,9.09,9.13,9.11,9.02,63959.89,0.02,0.22,9.096,9.097,9.285,71866.5,80560.21,82388.62
2017-04-11,9.09,9.09,9.09,8.96,72547.62,0.03,0.33,9.086,9.12,9.32,81682.05,86884.14,83536.79
2017-04-10,9.17,9.18,9.06,9.06,71155.01,-0.11,-1.2,9.062,9.14,9.358,78436.04,85717.54,82372.24
2017-04-07,9.03,9.19,9.17,9.01,84218.72,0.12,1.33,9.032,9.159,9.394,89448.42,89764.61,82273.51
2017-04-06,8.98,9.08,9.05,8.98,67451.28,-0.01,-0.11,9.036,9.182,9.432,88265.91,88928.33,82716.68
2017-04-05,8.95,9.07,9.06,8.92,113037.61,0.09,1.0,9.098,9.233,9.484,89253.92,88320.17,84738.24
2017-03-31,8.93,9.02,8.97,8.9,56317.59,0.06,0.67,9.154,9.281,9.532,92086.23,84239.7,83255.3
2017-03-30,9.22,9.22,8.91,8.89,126216.9,-0.28,-3.05,9.218,9.338,9.583,92999.05,85703.56,82515.77
2017-03-29,9.39,9.4,9.19,9.18,78306.17,-0.17,-1.82,9.286,9.408,9.634,90080.8,80563.22,79451.56
2017-03-28,9.39,9.47,9.36,9.33,72391.34,0.02,0.21,9.328,9.44,9.676,89590.75,82624.18,79132.89
2017-03-27,9.56,9.64,9.34,9.31,127199.14,0.05,0.54,9.368,9.472,9.708,87386.41,84217.03,79096.37
2017-03-24,9.26,9.32,9.29,9.2,60881.68,0.04,0.43,9.408,9.519,9.744,76393.17,80189.44,77557.0
2017-03-23,9.4,9.42,9.25,9.14,111625.69,-0.15,-1.6,9.458,9.576,9.782,78408.08,79026.94,77006.73
2017-03-22,9.54,9.54,9.4,9.37,75855.92,-0.16,-1.67,9.53,9.628,9.821,71045.63,74782.42,74931.41
2017-03-21,9.54,9.58,9.56,9.5,61369.61,0.02,0.21,9.552,9.681,9.852,75657.6,76505.04,74447.86
2017-03-20,9.54,9.61,9.54,9.47,72232.94,0.0,0.0,9.576,9.734,9.873,81047.65,81156.31,76588.87
2017-03-17,9.67,9.67,9.54,9.52,70956.25,-0.07,-0.73,9.63,9.782,9.891,83985.72,82270.89,75894.38
2017-03-16,9.57,9.62,9.61,9.55,74813.41,0.1,1.05,9.694,9.828,9.905,79645.79,79327.97,75175.34
2017-03-15,9.6,9.67,9.51,9.49,98915.79,-0.17,-1.76,9.726,9.86,9.917,78519.21,78339.9,74235.08
2017-03-14,9.78,9.83,9.68,9.66,88319.84,-0.13,-1.32,9.81,9.911,9.933,77352.47,75641.61,72477.94
2017-03-13,9.85,9.85,9.81,9.7,86923.29,-0.05,-0.51,9.892,9.944,9.946,81264.97,73975.71,70283.69
2017-03-10,9.77,9.86,9.86,9.77,49256.63,0.09,0.92,9.934,9.968,9.952,80556.07,74924.56,70481.13
2017-03-09,9.92,9.93,9.77,9.73,69180.49,-0.16,-1.61,9.962,9.987,9.947,79010.15,74986.53,70975.54
2017-03-08,10.09,10.09,9.93,9.9,93082.1,-0.16,-1.59,9.994,10.013,9.951,78160.6,75080.4,70982.77
2017-03-07,10.04,10.16,10.09,10.01,107882.36,0.07,0.7,10.012,10.022,9.944,73930.74,72390.69,69489.22
2017-03-06,9.99,10.05,10.02,9.95,83378.76,0.02,0.2,9.996,10.012,9.927,66686.45,72021.42,66851.39
2017-03-03,9.96,10.02,10.0,9.9,41527.06,0.07,0.7,10.002,9.999,9.912,69293.05,69517.87,65344.4
2017-03-02,10.03,10.05,9.93,9.91,64932.7,-0.09,-0.9,10.012,9.982,9.895,70962.9,71022.7,64701.96
2017-03-01,9.99,10.1,10.02,9.96,71932.83,0.01,0.1,10.032,9.974,9.883,72000.2,70130.25,61461.67
2017-02-28,10.05,10.16,10.01,9.93,71660.88,-0.04,-0.4,10.032,9.955,9.866,70850.63,69314.28,59163.41
2017-02-27,10.09,10.24,10.05,10.05,96411.8,0.0,0.0,10.028,9.947,9.848,77356.39,66591.67,57197.82
2017-02-24,10.02,10.05,10.05,9.98,49876.29,0.02,0.2,9.996,9.935,9.827,69742.69,66037.7,54099.59
2017-02-23,10.02,10.06,10.03,9.91,70119.18,0.01,0.1,9.952,9.907,9.811,71082.5,66964.55,55025.98
2017-02-22,10.01,10.04,10.02,9.93,66185.0,0.03,0.3,9.916,9.888,9.787,68260.31,66885.13,54525.18
2017-02-21,9.92,10.08,9.99,9.85,104189.7,0.1,1.01,9.878,9.866,9.761,67777.92,66587.74,56151.27
2017-02-20,9.8,9.89,9.89,9.74,58343.26,0.06,0.61,9.866,9.841,9.729,55826.94,61681.36,53002.22
2017-02-17,9.85,9.99,9.83,9.82,56575.37,-0.02,-0.2,9.874,9.824,9.702,62332.7,61170.93,52385.15
2017-02-16,9.82,9.88,9.85,9.76,56008.23,0.02,0.2,9.862,9.807,9.675,62846.6,58381.21,53868.61
2017-02-15,9.93,10.03,9.83,9.83,63773.06,-0.1,-1.01,9.86,9.791,9.668,65509.96,52793.09,54102.32
2017-02-14,9.96,9.97,9.93,9.86,44434.76,0.0,0.0,9.854,9.777,9.664,65397.56,49012.55,53570.66
2017-02-13,9.78,9.98,9.93,9.75,90872.1,0.16,1.64,9.816,9.748,9.66,67535.79,47803.98,54584.12
2017-02-10,9.82,9.84,9.77,9.75,59144.86,-0.07,-0.71,9.774,9.719,9.66,60009.16,42161.48,53816.9
2017-02-09,9.84,9.87,9.84,9.77,69325.0,0.04,0.41,9.752,9.715,9.677,53915.82,43087.42,54917.96
2017-02-08,9.7,9.8,9.8,9.65,63211.1,0.06,0.62,9.722,9.686,9.687,40076.22,42165.23,55613.76
2017-02-07,9.71,9.74,9.74,9.66,55125.89,0.02,0.21,9.7,9.656,9.699,32627.53,45714.79,56733.48
2017-02-06,9.66,9.77,9.72,9.61,53238.94,0.06,0.62,9.68,9.617,9.714,28072.17,44323.07,59336.57
2017-02-03,9.64,9.7,9.66,9.59,28678.19,-0.03,-0.31,9.664,9.579,9.724,24313.81,43599.37,61018.45
2017-02-02,10.22,10.22,9.69,9.68,127.0,0.0,0.0,9.678,9.543,9.73,32259.01,49356.01,64545.36
2017-01-26,9.66,9.71,9.69,9.63,25967.63,0.05,0.52,9.65,9.544,9.74,44254.23,55411.55,73027.42
2017-01-25,9.67,9.71,9.64,9.63,32349.09,0.0,0.0,9.612,9.551,9.765,58802.05,58128.78,77195.15
2017-01-24,9.7,9.73,9.64,9.6,34447.14,-0.09,-0.93,9.554,9.571,9.797,60573.97,61364.26,82849.41
2017-01-23,9.55,9.77,9.73,9.51,68404.18,0.18,1.89,9.494,9.601,9.825,62884.94,65472.32,89124.4
2017-01-20,9.45,9.56,9.55,9.35,60103.11,0.05,0.53,9.408,9.639,9.851,66453.02,66748.51,106744.49
2017-01-19,9.43,9.67,9.5,9.4,98706.73,0.15,1.6,9.438,9.688,9.926,66568.86,69062.3,132482.73
2017-01-18,9.32,9.39,9.35,9.26,41208.68,0.01,0.11,9.49,9.742,9.955,57455.51,67752.17,132895.92
2017-01-17,9.3,9.37,9.34,9.11,46001.98,0.04,0.43,9.588,9.81,9.986,62154.55,74350.06,135119.36
2017-01-16,9.65,9.69,9.3,9.0,86244.59,-0.4,-4.12,9.708,9.868,10.018,68059.71,78437.52,144235.09
2017-01-13,9.72,9.78,9.7,9.61,60682.32,-0.06,-0.61,9.87,9.917,10.074,67044.0,79734.72,157582.57
2017-01-12,9.85,9.9,9.76,9.7,53140.0,-0.08,-0.81,9.938,9.936,10.072,71555.73,90643.29,158960.44
2017-01-11,9.94,9.99,9.84,9.81,64703.85,-0.1,-1.01,9.994,9.978,10.061,78048.82,96261.51,159209.55
2017-01-10,10.13,10.13,9.94,9.93,75527.78,-0.17,-1.68,10.032,10.023,10.051,86545.58,104334.57,159146.98
2017-01-09,10.07,10.14,10.11,10.01,81166.04,0.07,0.7,10.028,10.049,10.042,88815.34,112776.47,160581.88
2017-01-06,10.03,10.09,10.04,9.94,83240.99,0.0,0.0,9.964,10.063,10.046,92425.43,146740.48,158667.09
2017-01-05,10.06,10.14,10.04,10.01,85605.45,0.01,0.1,9.934,10.164,10.06,109730.85,195903.16,156995.55
2017-01-04,9.94,10.09,10.03,9.86,107187.64,0.11,1.11,9.962,10.168,10.076,114474.2,198039.66,155316.02
2017-01-03,9.79,9.92,9.92,9.79,86876.58,0.13,1.33,10.014,10.162,10.084,122123.55,195888.65,151902.38
2016-12-30,9.9,9.99,9.79,9.76,99216.5,-0.1,-1.01,10.07,10.167,10.097,136737.61,210032.65,150822.06
2016-12-29,10.17,10.17,9.89,9.87,169768.08,-0.29,-2.85,10.162,10.231,10.116,201055.52,235430.43,151824.48
2016-12-28,10.22,10.31,10.18,10.11,109322.21,-0.11,-1.07,10.394,10.208,10.149,282075.47,227277.58,146703.68
2016-12-27,10.12,10.29,10.29,10.1,145434.38,0.09,0.88,10.374,10.143,10.166,281605.12,222157.59,146074.75
2016-12-26,10.01,10.28,10.2,9.96,159946.86,-0.05,-0.49,10.31,10.079,10.18,269653.76,213959.4,146303.72
2016-12-23,10.8,10.9,10.25,10.25,420806.09,-0.8,-7.24,10.264,10.034,10.215,283327.7,208387.29,144700.71
2016-12-22,10.16,11.08,11.05,10.08,574867.81,0.97,9.62,10.3,10.029,10.253,269805.33,170593.71,133345.76
2016-12-21,10.01,10.22,10.08,9.97,106970.47,0.11,1.1,10.022,9.955,10.244,172479.69,118087.94,111707.41
2016-12-20,10.0,10.05,9.97,9.85,85677.55,0.0,0.0,9.912,9.983,10.282,162710.07,112592.38,118291.25
2016-12-19,10.2,10.2,9.97,9.91,228316.59,-0.46,-4.41,9.848,10.005,10.316,158265.04,107916.11,118461.56
2016-12-16,10.09,10.63,10.43,10.09,353194.25,0.77,7.97,9.804,10.026,10.34,133446.89,91611.47,111122.13
2016-12-15,9.51,9.86,9.66,9.5,88239.6,0.13,1.36,9.758,10.001,10.335,71382.09,68218.54,98381.49
2016-12-14,9.61,9.7,9.53,9.51,58122.34,-0.12,-1.24,9.888,10.089,10.373,63696.19,66129.78,98944.93
2016-12-13,9.82,9.84,9.65,9.53,63452.41,-0.1,-1.03,10.054,10.188,10.422,62474.7,69991.91,101346.26
2016-12-12,10.23,10.25,9.75,9.74,104225.83,-0.45,-4.41,10.162,10.28,10.471,57567.18,78648.04,103714.62
2016-12-09,10.31,10.37,10.2,10.19,42870.25,-0.11,-1.07,10.248,10.396,10.519,49776.05,81014.12,103680.54
2016-12-08,10.38,10.41,10.31,10.3,49810.1,-0.05,-0.48,10.244,10.477,10.541,65054.99,96097.8,108024.13
2016-12-07,10.2,10.38,10.36,10.17,52014.92,0.17,1.67,10.29,10.532,10.559,68563.37,105326.88,112502.14
2016-12-06,10.2,10.27,10.19,10.14,38914.81,0.01,0.1,10.322,10.58,10.576,77509.12,123990.11,117542.74
2016-12-05,10.01,10.27,10.18,9.98,65270.17,0.0,0.0,10.398,10.626,10.611,99728.89,129007.0,124690.73
2016-12-02,10.55,10.55,10.18,10.18,119264.97,-0.36,-3.42,10.544,10.654,10.654,112252.19,130632.79,130632.79
2016-12-01,10.55,10.59,10.54,10.35,67351.98,0.02,0.19,10.71,10.707,10.707,127140.61,131895.88,131895.88
2016-11-30,10.52,10.64,10.52,10.45,96743.65,-0.05,-0.47,10.774,10.728,10.728,142090.4,139963.87,139963.87
2016-11-29,10.91,10.92,10.57,10.56,150013.7,-0.34,-3.12,10.838,10.757,10.757,170471.11,146138.18,146138.18
2016-11-28,11.09,11.15,10.91,10.87,127886.65,-0.1,-0.91,10.854,10.788,10.788,158285.11,145492.26,145492.26
2016-11-25,10.86,11.02,11.01,10.65,193707.09,0.15,1.38,10.764,10.764,10.764,149013.38,149013.38,149013.38
2016-11-24,10.73,10.97,10.86,10.69,142100.89,0.02,0.18,10.703,10.703,10.703,137839.96,137839.96,137839.96
2016-11-23,10.75,11.09,10.84,10.75,238647.2,0.19,1.78,10.65,10.65,10.65,136419.65,136419.65,136419.65
2016-11-22,10.47,10.65,10.65,10.46,89083.74,0.19,1.82,10.555,10.555,10.555,85305.87,85305.87,85305.87
2016-11-21,10.51,10.59,10.46,10.44,81528.0,-0.09,-0.85,10.46,10.46,10.46,81528.0,81528.0,81528.0
