date,open,high,close,low,volume,price_change,p_change,ma5,ma10,ma20,v_ma5,v_ma10,v_ma20
2019-05-21,8.8,9.04,8.82,8.64,170216.23,0.03,0.34,8.806,8.84,9.434,127103.01,123270.39,166164.07
2019-05-20,8.38,8.85,8.79,8.38,146407.75,0.37,4.39,8.826,8.829,9.527,113343.82,121872.96,167424.05
2019-05-17,9.02,9.05,8.42,8.31,145307.39,-0.54,-6.03,8.89,8.822,9.632,108925.51,131425.79,170372.24
2019-05-16,9.06,9.07,8.96,8.86,76476.5,-0.08,-0.89,9.006,8.949,9.762,113374.58,129056.44,176217.43
2019-05-15,9.05,9.09,9.04,8.85,97107.2,0.12,1.34,8.942,9.023,9.849,115420.79,146919.95,182995.22
2019-05-14,8.88,9.15,8.92,8.84,101420.28,-0.19,-2.09,8.874,9.158,9.946,119437.77,155905.02,189125.12
2019-05-13,9.03,9.27,9.11,8.92,124316.19,0.11,1.22,8.832,9.322,10.039,130402.09,185318.14,194315.36
2019-05-10,8.72,9.06,9.0,8.4,167552.72,0.36,4.17,8.754,9.488,10.136,153926.07,194715.95,198190.42
2019-05-09,8.69,8.89,8.64,8.6,86707.55,-0.06,-0.69,8.892,9.64,10.244,144738.3,194380.53,198982.17
2019-05-08,8.5,8.89,8.7,8.36,117192.13,-0.01,-0.12,9.104,9.836,10.368,178419.1,199347.5,213415.57
2019-05-07,8.8,8.85,8.71,8.45,156241.88,-0.01,-0.12,9.442,10.028,10.504,192372.26,209057.75,229037.69
2019-05-06,9.1,9.26,8.72,8.72,241936.06,-0.97,-10.01,9.812,10.224,10.65,240234.18,212975.14,243336.21
2019-04-30,9.7,9.98,9.69,9.51,121613.9,-0.01,-0.1,10.222,10.442,10.804,235505.82,209318.69,274413.5
2019-04-29,10.4,10.49,9.7,9.5,255111.55,-0.69,-6.64,10.388,10.574,10.873,244022.76,223378.41,293538.64
2019-04-26,10.63,10.91,10.39,10.31,186957.91,-0.17,-1.61,10.568,10.675,10.911,220275.9,219070.5,298502.81
2019-04-25,10.66,11.2,10.56,10.54,395551.47,-0.21,-1.95,10.614,10.733,10.899,225743.25,222345.22,303186.67
2019-04-24,10.54,10.87,10.77,10.34,218294.28,0.25,2.38,10.636,10.755,10.89,185716.11,203312.59,300295.83
2019-04-23,10.6,10.6,10.52,10.33,164198.58,-0.08,-0.76,10.662,10.783,10.879,183131.55,201664.89,310558.7
2019-04-22,10.72,10.72,10.6,10.53,136377.28,-0.02,-0.19,10.76,10.848,10.883,202734.06,203583.8,321541.87
2019-04-19,10.69,10.9,10.62,10.52,214294.62,-0.05,-0.47,10.782,10.9,10.906,217865.09,227483.64,333839.61
2019-04-18,10.9,10.91,10.67,10.66,195415.77,-0.23,-2.11,10.852,10.979,10.924,218947.2,249017.63,352129.39
2019-04-17,11.01,11.12,10.9,10.83,205371.52,-0.11,-1.0,10.874,11.076,10.929,220909.06,273697.28,368434.33
2019-04-16,10.67,11.1,11.01,10.34,262211.12,0.3,2.8,10.904,11.165,10.934,220198.22,339508.31,391754.5
2019-04-15,11.15,11.29,10.71,10.68,212032.44,-0.26,-2.37,10.936,11.172,10.909,204433.54,363698.87,401021.09
2019-04-12,10.67,11.18,10.97,10.67,219705.16,0.19,1.76,11.018,11.147,10.878,237102.19,377935.12,424873.33
2019-04-11,11.18,11.2,10.78,10.77,205225.08,-0.27,-2.44,11.106,11.065,10.852,279088.06,384028.11,450008.47
2019-04-10,11.17,11.3,11.05,10.98,201817.31,-0.12,-1.07,11.278,11.024,10.894,326485.5,397279.08,532041.11
2019-04-09,11.1,11.31,11.17,11.01,183387.69,0.05,0.45,11.426,10.975,10.901,458818.4,419452.51,523027.22
2019-04-08,11.6,11.65,11.12,10.66,375375.69,-0.29,-2.54,11.408,10.918,10.85,522964.2,439499.95,520690.51
2019-04-04,11.63,11.83,11.41,11.34,429634.53,-0.23,-1.98,11.276,10.911,10.756,518768.04,440195.58,536424.43
2019-04-03,11.61,11.82,11.64,11.4,442212.28,-0.15,-1.27,11.024,10.869,10.668,488968.16,455241.14,541971.83
2019-04-02,11.4,12.19,11.79,11.06,863481.81,0.71,6.41,10.77,10.781,10.526,468072.66,463171.37,536029.0
2019-04-01,10.94,11.51,11.08,10.91,504116.69,0.62,5.93,10.524,10.703,10.376,380086.61,444000.68,513365.64
2019-03-29,10.1,10.5,10.46,9.75,354394.91,0.31,3.05,10.428,10.645,10.229,356035.69,438343.32,504735.42
2019-03-28,10.4,10.61,10.15,10.1,280635.09,-0.22,-2.12,10.546,10.608,10.11,361623.11,471811.55,493835.74
2019-03-27,10.78,10.84,10.37,10.02,337734.81,-0.19,-1.8,10.714,10.639,10.003,421514.13,515988.84,488658.79
2019-03-26,10.68,11.12,10.56,10.47,423551.56,-0.04,-0.38,10.792,10.764,9.886,458270.07,666803.13,484582.25
2019-03-25,10.74,11.15,10.6,10.56,383862.09,-0.45,-4.07,10.882,10.826,9.759,507914.75,626601.93,480387.95
2019-03-22,10.9,11.39,11.05,10.81,382332.0,0.06,0.55,10.862,10.782,9.639,520650.95,601881.08,485642.81
2019-03-21,10.84,11.49,10.99,10.63,580090.19,0.23,2.14,10.67,10.601,9.475,581999.99,632653.28,482215.99
2019-03-20,10.9,11.35,10.76,10.42,521514.53,-0.25,-2.27,10.564,10.467,9.289,610463.55,628702.51,463181.68
2019-03-19,10.5,11.55,11.01,10.29,671774.94,0.51,4.86,10.736,10.271,9.124,875336.19,608886.64,444358.41
2019-03-18,10.03,10.61,10.5,9.94,447543.09,0.41,4.06,10.77,10.048,8.955,745289.11,582730.6,423967.08
2019-03-15,10.46,10.72,10.09,10.0,689077.19,-0.37,-3.54,10.702,9.813,8.804,683111.22,571127.51,410619.07
2019-03-14,11.1,11.25,10.46,10.46,722408.0,-1.16,-9.98,10.532,9.611,8.664,683306.58,515859.94,382471.38
2019-03-13,12.3,12.3,11.62,11.53,1845877.75,0.44,3.94,10.37,9.367,8.504,646941.48,461328.75,354337.9
2019-03-12,11.18,11.18,11.18,11.18,21539.53,1.02,10.04,9.806,9.008,8.288,342437.08,302361.36,276921.91
2019-03-11,10.16,10.16,10.16,10.16,136653.61,0.92,9.96,9.326,8.691,8.078,420172.1,334173.96,283073.09
2019-03-08,9.19,10.31,9.24,9.08,690054.0,-0.41,-4.25,8.924,8.495,7.918,459143.81,369404.54,283892.02
2019-03-07,8.9,9.68,9.65,8.9,540582.5,0.85,9.66,8.69,8.349,7.795,348413.3,331778.7,254474.18
2019-03-06,8.79,9.05,8.8,8.51,323355.75,0.02,0.23,8.364,8.11,7.65,275716.01,297660.85,234700.02
2019-03-05,8.08,8.79,8.78,8.08,410214.62,0.63,7.73,8.21,7.977,7.538,262285.64,279830.18,223379.39
2019-03-04,8.16,8.38,8.15,8.08,331512.19,0.08,0.99,8.056,7.861,7.433,248175.83,265203.56,211545.22
2019-03-01,8.03,8.1,8.07,7.9,136401.42,0.05,0.62,8.066,7.795,7.358,279665.26,250110.62,203027.96
2019-02-28,8.08,8.15,8.02,7.83,177096.08,-0.01,-0.12,8.008,7.716,7.293,315144.1,249082.82,213271.59
2019-02-27,8.09,8.25,8.03,7.89,256203.88,0.02,0.25,7.856,7.64,7.247,319605.68,247347.05,222879.06
2019-02-26,8.23,8.36,8.01,8.0,339665.56,-0.19,-2.32,7.744,7.567,7.205,297374.73,251482.47,221714.08
2019-02-25,7.93,8.48,8.2,7.81,488959.38,0.42,5.4,7.666,7.464,7.168,282231.29,231972.23,222163.03
2019-02-22,7.28,7.92,7.78,7.28,313795.62,0.52,7.16,7.524,7.341,7.133,220555.97,198379.51,220607.23
2019-02-21,7.42,7.52,7.26,7.2,199403.95,-0.21,-2.81,7.424,7.241,7.11,183021.53,177169.65,234550.19
2019-02-20,7.61,7.7,7.47,7.43,145049.12,-0.15,-1.97,7.424,7.189,7.137,175088.42,171739.2,276473.0
2019-02-19,7.59,7.77,7.62,7.44,263948.38,0.13,1.74,7.39,7.099,7.124,205590.2,166928.61,289966.62
2019-02-18,7.38,7.51,7.49,7.26,180582.77,0.21,2.88,7.262,7.004,7.071,181713.17,157886.87,278961.33
2019-02-15,7.27,7.36,7.28,7.18,126123.42,0.02,0.28,7.158,6.92,6.995,176203.05,155945.3,275511.21
2019-02-14,7.23,7.32,7.26,7.14,159738.42,-0.04,-0.55,7.058,6.869,6.922,171317.77,177460.36,272182.24
2019-02-13,6.95,7.34,7.3,6.95,297558.03,0.32,4.58,6.954,6.854,6.85,168389.98,198411.07,267825.99
2019-02-12,6.95,7.03,6.98,6.87,144563.19,0.01,0.14,6.808,6.843,6.773,128267.01,191945.69,256710.65
2019-02-11,6.85,7.09,6.97,6.82,153032.19,0.19,2.8,6.746,6.872,6.715,134060.58,212353.83,253612.99
2019-02-01,6.72,6.83,6.78,6.72,101697.04,0.04,0.59,6.682,6.924,6.656,135687.55,242834.94,250205.47
2019-01-31,6.57,6.85,6.74,6.54,145099.45,0.17,2.59,6.68,6.978,6.599,183602.95,291930.73,248624.24
2019-01-30,6.62,6.74,6.57,6.56,96943.17,-0.1,-1.5,6.754,7.084,6.535,228432.16,381206.81,243534.81
2019-01-29,6.68,6.8,6.67,6.5,173531.05,0.02,0.3,6.878,7.149,6.482,255624.37,413004.63,240409.05
2019-01-28,6.86,6.88,6.65,6.64,161167.06,-0.12,-1.77,6.998,7.138,6.419,290647.07,400035.79,233665.08
2019-01-25,6.94,7.02,6.77,6.75,341274.03,-0.34,-4.78,7.166,7.069,6.358,349982.33,395077.12,228655.68
2019-01-24,7.28,7.55,7.11,7.11,369245.47,-0.08,-1.11,7.276,6.974,6.291,400258.5,366904.12,213314.66
2019-01-23,7.21,7.23,7.19,7.05,232904.23,-0.08,-1.1,7.414,6.845,6.208,533981.46,337240.91,197655.44
2019-01-22,7.46,7.47,7.27,7.11,348644.56,-0.22,-2.94,7.42,6.703,6.126,570384.9,321475.62,187583.46
2019-01-21,7.41,7.73,7.49,7.29,457843.38,0.17,2.32,7.278,6.558,6.038,509424.51,294872.16,172566.12
2019-01-18,7.51,7.75,7.32,7.21,592654.88,-0.48,-6.15,6.972,6.388,5.937,440171.91,257576.0,153420.47
2019-01-17,7.52,7.9,7.8,7.34,1037860.25,0.58,8.03,6.672,6.22,5.845,333549.74,205317.75,126446.3
2019-01-16,7.22,7.22,7.22,6.97,414921.41,0.66,10.06,6.276,5.986,5.737,140500.37,105862.81,76735.16
2019-01-15,6.56,6.56,6.56,6.56,43842.62,0.6,10.07,5.986,5.814,5.661,72566.35,67813.46,57726.65
2019-01-14,5.83,6.04,5.96,5.81,111580.41,0.14,2.4,5.838,5.7,5.62,80319.82,67294.37,62742.31
2019-01-11,5.89,5.92,5.82,5.81,59543.99,0.0,0.0,5.804,5.646,5.622,74980.08,62234.24,59312.3
2019-01-10,5.77,5.87,5.82,5.75,72613.41,0.05,0.87,5.768,5.607,5.63,77085.75,59725.21,58296.67
2019-01-09,5.81,5.88,5.77,5.77,75251.3,-0.05,-0.86,5.696,5.57,5.636,71225.25,58069.97,57843.45
2019-01-08,5.79,5.88,5.82,5.72,82609.99,0.03,0.52,5.642,5.548,5.645,63060.58,53691.29,57756.29
2019-01-07,5.68,5.86,5.79,5.64,84881.71,0.15,2.66,5.562,5.517,5.658,54268.92,50260.08,56160.9
2019-01-04,5.4,5.67,5.64,5.39,70072.36,0.18,3.3,5.488,5.485,5.673,49488.4,49264.95,56263.53
2019-01-03,5.47,5.61,5.46,5.43,43310.9,-0.04,-0.73,5.446,5.47,5.697,42364.66,47574.85,58529.11
2019-01-02,5.43,5.5,5.5,5.36,34427.94,0.08,1.48,5.444,5.487,5.734,44914.68,47607.5,65355.02
2018-12-28,5.4,5.46,5.42,5.35,38651.71,0.0,0.0,5.454,5.507,5.762,44322.0,47639.85,70893.28
2018-12-27,5.54,5.62,5.42,5.42,60979.1,-0.01,-0.18,5.472,5.54,5.788,46251.24,58190.25,73724.68
2018-12-26,5.44,5.53,5.43,5.4,34453.66,-0.02,-0.37,5.482,5.598,5.811,49041.5,56390.37,75541.31
2018-12-25,5.5,5.51,5.45,5.31,56060.98,-0.1,-1.8,5.494,5.652,5.836,52785.05,56868.13,79214.8
2018-12-24,5.49,5.55,5.55,5.45,31464.56,0.04,0.73,5.53,5.701,5.854,50300.32,57616.94,80516.67
2018-12-21,5.46,5.55,5.51,5.41,48297.89,0.04,0.73,5.56,5.742,5.867,50957.69,61821.28,83319.68
2018-12-20,5.49,5.5,5.47,5.35,74930.42,-0.02,-0.36,5.608,5.799,5.882,70129.27,62061.71,91016.81
2018-12-19,5.64,5.67,5.49,5.49,53171.38,-0.14,-2.49,5.714,5.86,5.916,63739.23,63262.1,100729.8
2018-12-18,5.66,5.75,5.63,5.62,43637.36,-0.07,-1.23,5.81,5.923,5.941,60951.21,69483.37,108190.68
2018-12-17,5.72,5.78,5.7,5.67,34751.4,-0.05,-0.87,5.872,5.98,5.962,64933.56,83102.54,116794.34
2018-12-14,5.98,6.0,5.75,5.69,144155.77,-0.25,-4.17,5.924,6.016,5.976,72684.87,94146.72,122649.58
2018-12-13,6.03,6.07,6.0,5.91,42980.23,0.03,0.5,5.99,6.035,5.984,53994.15,89259.11,122318.35
2018-12-12,5.95,6.03,5.97,5.95,39231.31,0.03,0.51,6.006,6.023,5.982,62784.97,94692.25,125635.77
2018-12-11,5.99,6.02,5.94,5.89,63549.1,-0.02,-0.34,6.036,6.019,5.981,78015.52,101561.48,130438.57
2018-12-10,6.06,6.09,5.96,5.93,73507.93,-0.12,-1.97,6.088,6.006,5.979,101271.52,103416.4,132814.69
2018-12-07,6.12,6.14,6.08,6.03,50702.2,0.0,0.0,6.108,5.991,5.971,115608.56,104818.09,134410.07
2018-12-06,6.12,6.15,6.08,6.03,86934.31,-0.04,-0.65,6.08,5.965,5.947,124524.07,119971.91,134724.34
2018-12-05,6.05,6.16,6.12,6.05,115384.05,-0.08,-1.29,6.04,5.972,5.92,126599.52,138197.51,134512.83
2018-12-04,6.04,6.25,6.2,6.04,179829.12,0.14,2.31,6.002,5.959,5.895,125107.44,146897.99,133480.59
2018-12-03,6.08,6.14,6.06,5.98,145193.14,0.12,2.02,5.924,5.943,5.867,105561.28,150486.13,128849.67
2018-11-30,5.87,5.95,5.94,5.73,95279.74,0.06,1.02,5.874,5.936,5.845,94027.61,151152.44,128008.52
2018-11-29,5.95,5.97,5.88,5.83,97311.57,-0.05,-0.84,5.85,5.932,5.827,115419.75,155377.59,129782.5
2018-11-28,5.8,5.95,5.93,5.72,107923.63,0.12,2.06,5.904,5.94,5.802,149795.49,156579.28,133334.96
2018-11-27,5.86,5.89,5.81,5.76,82098.33,0.0,0.0,5.916,5.942,5.77,168688.53,159315.66,132005.18
2018-11-26,5.76,5.87,5.81,5.71,87524.8,-0.01,-0.17,5.962,5.951,5.741,195410.98,162212.97,131173.12
2018-11-23,6.01,6.04,5.82,5.8,202240.44,-0.33,-5.37,5.998,5.951,5.708,208277.26,164002.05,130256.56
2018-11-22,6.04,6.31,6.15,5.97,269190.25,0.16,2.67,6.014,5.928,5.674,195335.43,149476.76,123712.12
2018-11-21,5.99,6.09,5.99,5.76,202388.84,-0.05,-0.83,5.976,5.867,5.624,163363.08,130828.16,114361.02
2018-11-20,5.92,6.07,6.04,5.84,215710.56,0.05,0.83,5.968,5.831,5.578,149942.79,120063.2,107197.85
2018-11-19,5.92,6.1,5.99,5.87,151856.19,0.09,1.52,5.94,5.791,5.529,129014.97,107213.21,100870.17
2018-11-16,5.97,6.0,5.9,5.85,137531.3,-0.06,-1.01,5.904,5.754,5.491,119726.84,104864.6,99192.54
2018-11-15,5.88,5.97,5.96,5.85,109328.49,0.01,0.17,5.842,5.721,5.445,103618.1,104187.4,97637.72
2018-11-14,5.97,6.09,5.95,5.83,135287.41,0.05,0.85,5.758,5.664,5.387,98293.25,110090.64,95114.77
2018-11-13,5.74,5.93,5.9,5.73,111071.45,0.09,1.55,5.694,5.597,5.337,90183.6,104694.69,91439.89
2018-11-12,5.62,5.82,5.81,5.6,105415.53,0.22,3.94,5.642,5.531,5.281,85411.45,100133.27,88628.56
2018-11-09,5.56,5.65,5.59,5.52,56987.61,0.05,0.9,5.604,5.465,5.231,90002.36,96511.08,85716.58
2018-11-08,5.67,5.72,5.54,5.53,82704.24,-0.09,-1.6,5.6,5.419,5.195,104756.7,97947.48,88087.4
2018-11-07,5.64,5.77,5.63,5.6,94739.18,-0.01,-0.18,5.57,5.381,5.171,121888.02,97893.87,90317.31
2018-11-06,5.59,5.69,5.64,5.52,87210.68,0.02,0.36,5.5,5.325,5.17,119205.78,94332.5,88155.36
2018-11-05,5.59,5.64,5.62,5.45,128370.09,0.05,0.9,5.42,5.266,5.172,114855.09,94527.13,85801.4
2018-11-02,5.45,5.59,5.57,5.45,130759.32,0.18,3.34,5.326,5.227,5.175,103019.79,93520.49,82472.34
2018-11-01,5.37,5.53,5.39,5.35,168360.84,0.11,2.08,5.238,5.169,5.192,91138.26,91088.04,79615.37
2018-10-31,5.28,5.35,5.28,5.24,81327.96,0.04,0.76,5.192,5.109,5.219,73899.72,80138.91,74424.78
2018-10-30,5.15,5.28,5.24,5.08,65457.22,0.09,1.75,5.15,5.076,5.257,69459.23,78185.09,75137.45
2018-10-29,5.13,5.24,5.15,5.09,69193.62,0.02,0.39,5.112,5.03,5.3,74199.18,77123.85,73873.8
2018-10-26,5.18,5.26,5.13,5.06,71351.65,-0.03,-0.58,5.128,4.996,5.347,84021.18,74922.09,73525.1
2018-10-25,4.9,5.17,5.16,4.85,82168.15,0.09,1.77,5.1,4.97,5.391,91037.83,78227.32,72311.49
2018-10-24,5.02,5.16,5.07,5.0,59125.51,0.02,0.4,5.026,4.96,5.437,86378.1,82740.75,71396.48
2018-10-23,5.2,5.22,5.05,5.04,89156.96,-0.18,-3.44,5.002,5.015,5.486,86910.94,81978.21,71245.14
2018-10-22,5.03,5.34,5.23,5.0,118303.62,0.24,4.81,4.948,5.078,5.527,80048.52,77075.67,70115.48
2018-10-19,4.7,5.05,4.99,4.64,106434.89,0.2,4.17,4.864,5.122,5.569,65822.99,71424.2,67742.48
2018-10-18,4.91,4.91,4.79,4.78,58869.52,-0.16,-3.23,4.84,5.215,5.629,65416.81,68142.7,67847.22
2018-10-17,4.85,4.96,4.95,4.77,61789.73,0.17,3.56,4.894,5.329,5.696,79103.4,68710.64,68497.14
2018-10-16,4.84,4.91,4.78,4.7,54844.84,-0.03,-0.62,5.028,5.438,5.753,77045.48,72089.81,68635.15
2018-10-15,4.91,4.96,4.81,4.81,47175.98,-0.06,-1.23,5.208,5.569,5.813,74102.82,70623.74,69437.15
2018-10-12,5.04,5.04,4.87,4.64,104403.98,-0.19,-3.75,5.38,5.697,5.881,77025.41,72128.12,72466.02
2018-10-11,5.43,5.43,5.06,5.06,127302.46,-0.56,-9.96,5.59,5.812,5.953,70868.59,66395.65,72304.57
2018-10-10,5.67,5.72,5.62,5.56,51500.15,-0.06,-1.06,5.764,5.914,6.014,58317.88,60052.21,70025.52
2018-10-09,5.7,5.74,5.68,5.61,40131.55,0.01,0.18,5.848,5.956,6.05,67134.13,60512.07,72366.13
2018-10-08,5.82,5.87,5.67,5.67,61788.93,-0.25,-4.22,5.93,5.976,6.076,67144.66,63155.28,74699.8
2018-09-28,5.94,5.98,5.92,5.84,73619.87,-0.01,-0.17,6.014,6.015,6.101,67230.82,64060.76,75345.24
2018-09-27,6.07,6.09,5.93,5.92,64548.92,-0.11,-1.82,6.034,6.042,6.117,61922.71,67551.73,77066.97
2018-09-26,6.11,6.17,6.04,6.02,95581.38,-0.05,-0.82,6.064,6.063,6.144,61786.53,68283.64,77091.32
2018-09-25,6.06,6.13,6.09,6.03,40184.22,0.0,0.0,6.064,6.068,6.163,53890.0,65180.5,76869.47
2018-09-21,6.04,6.1,6.09,5.94,62219.71,0.07,1.16,6.022,6.057,6.179,59165.9,68250.55,79182.47
2018-09-20,6.07,6.13,6.02,6.01,47079.34,-0.06,-0.99,6.016,6.065,6.188,60890.7,72803.92,80616.4
2018-09-19,6.0,6.14,6.08,6.0,63868.01,0.04,0.66,6.05,6.094,6.205,73180.75,78213.5,83971.47
2018-09-18,5.9,6.07,6.04,5.86,56098.74,0.16,2.72,6.062,6.113,6.216,74780.74,79998.84,87154.11
2018-09-17,6.02,6.03,5.88,5.82,66563.71,-0.18,-2.97,6.072,6.144,6.238,76471.0,84220.19,94146.22
2018-09-14,6.23,6.24,6.06,6.05,70843.7,-0.13,-2.1,6.092,6.175,6.258,77335.21,86244.31,96278.41
2018-09-13,6.21,6.31,6.19,6.09,108529.57,0.05,0.81,6.114,6.187,6.257,84717.14,86629.71,97599.84
2018-09-12,6.07,6.24,6.14,6.07,71867.97,0.05,0.82,6.138,6.192,6.258,83246.25,86582.22,98049.88
2018-09-11,6.0,6.19,6.09,5.92,64550.05,0.11,1.84,6.164,6.224,6.26,85216.93,85899.01,98801.73
2018-09-10,6.15,6.21,5.98,5.98,70884.74,-0.19,-3.08,6.216,6.258,6.271,91969.39,88558.44,100061.33
2018-09-07,6.3,6.41,6.17,6.09,107753.36,-0.14,-2.22,6.258,6.3,6.291,95153.42,90114.39,105866.54
2018-09-06,6.26,6.44,6.31,6.23,101175.11,0.04,0.64,6.26,6.311,6.293,88542.28,88428.89,107043.39
2018-09-05,6.33,6.41,6.27,6.25,81721.4,-0.08,-1.26,6.246,6.316,6.282,89918.18,89729.44,112230.78
2018-09-04,6.18,6.41,6.35,6.16,98312.32,0.16,2.58,6.284,6.319,6.254,86581.08,94309.39,110518.06
2018-09-03,6.16,6.25,6.19,5.95,86804.92,0.01,0.16,6.3,6.331,6.227,85147.5,104072.24,108821.53
2018-08-31,6.19,6.31,6.18,6.14,74697.67,-0.06,-0.96,6.342,6.34,6.196,85075.36,106312.52,107145.34
2018-08-30,6.44,6.46,6.24,6.17,108054.61,-0.22,-3.41,6.362,6.326,6.173,88315.49,108569.98,105874.43
2018-08-29,6.42,6.5,6.46,6.38,65035.9,0.03,0.47,6.386,6.323,6.15,89540.69,109517.54,105937.73
2018-08-28,6.42,6.5,6.43,6.38,91144.41,0.03,0.47,6.354,6.296,6.119,102037.69,111704.46,108142.43
2018-08-27,6.32,6.47,6.4,6.3,86444.2,0.12,1.91,6.362,6.283,6.097,122996.97,111564.21,107486.52
2018-08-24,6.34,6.44,6.28,6.27,90898.32,-0.08,-1.26,6.338,6.281,6.08,127549.67,121618.68,107449.34
2018-08-23,6.33,6.5,6.36,6.32,114180.61,0.06,0.95,6.29,6.275,6.077,128824.46,125657.9,106546.33
2018-08-22,6.38,6.41,6.3,6.26,127520.93,-0.17,-2.63,6.26,6.248,6.072,129494.4,134732.13,106320.08
2018-08-21,6.27,6.68,6.47,6.21,195940.8,0.19,3.02,6.238,6.188,6.207,121371.22,126726.73,105147.08
2018-08-20,6.06,6.3,6.28,6.01,109207.7,0.24,3.97,6.204,6.122,6.336,100131.45,113570.83,100575.45
2018-08-17,6.3,6.35,6.04,6.02,97272.28,-0.17,-2.74,6.224,6.051,6.467,115687.69,107978.17,99257.38
2018-08-16,6.1,6.33,6.21,6.06,117530.27,0.02,0.32,6.26,6.019,6.608,122491.33,103178.88,99734.31
2018-08-15,6.28,6.34,6.19,6.09,86905.07,-0.11,-1.75,6.236,5.976,6.732,139969.86,102357.93,97366.58
2018-08-14,6.3,6.42,6.3,6.26,89741.93,-0.08,-1.25,6.138,5.941,6.855,132082.24,104580.41,100168.12
2018-08-13,6.1,6.47,6.38,6.03,186988.92,0.16,2.57,6.04,5.911,6.971,127010.2,103408.84,98824.12
2018-08-10,6.1,6.22,6.22,5.97,131290.45,0.13,2.13,5.878,5.879,7.08,100268.64,93280.0,93183.61
2018-08-09,5.72,6.27,6.09,5.69,204922.95,0.39,6.84,5.778,5.879,7.198,83866.43,87434.76,89847.77
2018-08-08,5.78,5.82,5.7,5.67,47466.95,-0.11,-1.89,5.716,5.896,7.322,64745.99,77908.02,85080.86
2018-08-07,5.59,5.81,5.81,5.59,64381.73,0.24,4.31,5.744,6.226,7.449,77078.57,83567.44,87677.89
2018-08-06,5.69,5.75,5.57,5.52,53281.14,-0.15,-2.62,5.782,6.549,7.589,79807.47,87580.07,88084.87
2018-08-03,5.76,5.82,5.72,5.69,49279.36,-0.06,-1.04,5.88,6.882,7.74,86291.35,90536.58,89553.34
2018-08-02,5.83,5.87,5.78,5.6,109320.75,-0.06,-1.03,5.98,7.196,7.872,91003.09,96289.73,91570.78
2018-08-01,6.02,6.09,5.84,5.82,109129.87,-0.16,-2.67,6.076,7.488,7.995,91070.05,92375.23,90522.94
2018-07-31,6.0,6.09,6.0,5.97,78026.25,-0.06,-0.99,6.708,7.768,8.125,90056.3,95755.83,89852.6
2018-07-30,6.26,6.26,6.06,6.02,85700.54,-0.16,-2.57,7.316,8.03,8.261,95352.67,94239.4,92078.64
2018-07-27,6.27,6.3,6.22,6.2,72838.03,-0.04,-0.64,7.884,8.281,8.379,94781.81,93087.22,92392.0
2018-07-26,6.4,6.43,6.26,6.23,109655.58,-0.13,-2.03,8.412,8.516,8.491,101576.38,92260.78,93690.46
2018-07-25,9.05,9.23,9.0,8.98,104061.11,-0.04,-0.44,8.9,8.747,8.581,93680.41,92253.71,92340.24
2018-07-24,8.84,9.13,9.04,8.82,104508.11,0.14,1.57,8.828,8.671,8.539,101455.35,91788.34,90418.88
2018-07-23,8.87,8.94,8.9,8.78,82846.23,0.04,0.45,8.744,8.628,8.497,93126.13,88589.67,90035.59
2018-07-20,8.67,8.92,8.86,8.56,106810.87,0.16,1.84,8.678,8.598,8.448,91392.63,88570.09,88446.43
2018-07-19,8.65,8.7,8.7,8.5,70175.75,0.06,0.69,8.62,8.548,8.404,82945.19,86851.82,86979.2
2018-07-18,8.78,8.93,8.64,8.63,142935.8,0.02,0.23,8.594,8.501,8.355,90827.0,88670.64,88181.81
2018-07-17,8.56,8.62,8.62,8.42,62862.02,0.05,0.58,8.514,8.482,8.329,82121.33,83949.38,85075.53
2018-07-16,8.58,8.66,8.57,8.4,74178.69,0.0,0.0,8.512,8.492,8.297,84053.2,89917.88,89053.73
2018-07-13,8.58,8.61,8.57,8.48,64573.67,0.0,0.0,8.518,8.477,8.312,85747.55,91696.77,90053.72
2018-07-12,8.24,8.61,8.57,8.18,109584.81,0.33,4.0,8.476,8.466,8.342,90758.46,95120.13,89193.01
2018-07-11,8.44,8.44,8.24,8.03,99407.44,-0.37,-4.3,8.408,8.415,8.37,86514.27,92426.77,86760.56
2018-07-10,8.6,8.63,8.61,8.48,72521.4,0.01,0.12,8.45,8.407,8.429,85777.43,89049.41,86116.23
2018-07-09,8.38,8.6,8.6,8.36,82650.43,0.24,2.87,8.472,8.366,8.474,95782.56,91481.5,85133.6
2018-07-06,8.25,8.52,8.36,8.15,89628.22,0.13,1.58,8.436,8.298,8.524,97645.99,88322.77,84244.78
2018-07-05,8.4,8.53,8.23,8.17,88363.88,-0.22,-2.6,8.456,8.259,8.591,99481.81,87106.57,83008.39
2018-07-04,8.6,8.65,8.45,8.39,95723.23,-0.27,-3.1,8.422,8.208,8.673,98339.27,87692.99,81734.48
2018-07-03,8.4,8.85,8.72,8.35,122547.02,0.3,3.56,8.364,8.176,8.744,92321.4,86201.68,80530.11
2018-07-02,8.39,8.56,8.42,8.24,91967.61,-0.04,-0.47,8.26,8.102,8.787,87180.45,88189.57,77163.87
2018-06-29,8.08,8.48,8.46,8.06,98807.29,0.4,4.96,8.16,8.146,8.844,78999.56,88410.66,76529.15
2018-06-28,8.15,8.3,8.06,8.0,82651.19,-0.1,-1.23,8.062,8.217,8.91,74731.33,83265.89,75126.89
2018-06-27,8.2,8.24,8.16,8.08,65633.87,-0.04,-0.49,7.994,8.324,8.993,77046.71,81094.36,76381.57
2018-06-26,7.75,8.33,8.2,7.75,96842.29,0.28,3.54,7.988,8.45,9.091,80081.96,83183.04,76571.19
2018-06-25,8.07,8.11,7.92,7.88,51063.14,-0.05,-0.63,7.944,8.582,9.189,89198.69,78785.69,74840.64
2018-06-22,7.73,7.98,7.97,7.66,77466.17,0.25,3.24,8.132,8.749,9.302,97821.77,80166.78,77484.95
2018-06-21,8.11,8.21,7.72,7.68,94228.07,-0.41,-5.04,8.372,8.923,9.428,91800.45,78910.2,76604.43
2018-06-20,8.01,8.23,8.13,7.92,80810.14,0.15,1.88,8.654,9.137,9.573,85142.01,75775.96,76240.08
2018-06-19,8.77,8.78,7.98,7.97,142425.95,-0.88,-9.93,8.912,9.311,9.705,86284.12,74858.54,76128.9
2018-06-15,9.21,9.22,8.86,8.76,94178.52,-0.31,-3.38,9.22,9.472,9.839,68372.69,66138.18,73481.91
2018-06-14,9.07,9.29,9.17,9.01,47359.58,0.04,0.44,9.366,9.542,9.922,62511.79,64647.63,72407.62
2018-06-13,9.37,9.37,9.13,9.12,60935.85,-0.29,-3.08,9.474,9.603,9.987,66019.95,66987.88,73459.46
2018-06-12,9.5,9.54,9.42,9.06,86520.69,-0.1,-1.05,9.62,9.662,10.052,66409.92,71668.78,75212.86
2018-06-11,9.59,9.66,9.52,9.44,52868.8,-0.07,-0.73,9.71,9.732,10.116,63432.97,69959.35,76440.97
2018-06-08,9.74,9.85,9.59,9.52,64874.01,-0.12,-1.24,9.724,9.795,10.163,63903.67,70895.59,82852.14
2018-06-07,9.9,9.93,9.71,9.69,64900.42,-0.15,-1.52,9.718,9.855,10.226,66783.48,74803.12,85696.93
2018-06-06,9.88,9.93,9.86,9.79,62885.67,-0.01,-0.1,9.732,9.933,10.294,67955.81,74298.67,92120.29
2018-06-05,9.6,9.89,9.87,9.6,71635.94,0.28,2.92,9.704,10.009,10.362,76927.63,76704.2,95904.29
2018-06-04,9.63,9.68,9.59,9.54,55222.29,0.03,0.31,9.754,10.098,10.44,76485.72,77399.26,100091.59
2018-06-01,9.77,9.79,9.56,9.45,79273.06,-0.22,-2.25,9.866,10.205,10.523,77887.51,80825.64,104626.57
2018-05-31,9.81,9.87,9.78,9.68,70762.09,0.06,0.62,9.992,10.302,10.593,82822.77,80167.61,107275.66
2018-05-30,9.99,10.05,9.72,9.65,107744.79,-0.4,-3.95,10.134,10.37,10.663,80641.52,79931.04,113996.5
2018-05-29,10.14,10.32,10.12,10.12,69426.38,-0.03,-0.3,10.314,10.441,10.727,76480.76,78756.95,120755.36
2018-05-28,10.26,10.28,10.15,10.02,62231.22,-0.04,-0.39,10.442,10.499,10.795,78312.8,82922.59,131052.24
2018-05-25,10.5,10.51,10.19,10.18,103949.35,-0.3,-2.86,10.544,10.531,10.874,83763.76,94808.69,141052.84
2018-05-24,10.62,10.68,10.49,10.48,59855.87,-0.13,-1.22,10.612,10.596,10.957,77512.45,96590.74,151540.14
2018-05-23,10.75,10.78,10.62,10.56,86940.98,-0.14,-1.3,10.606,10.654,11.018,79220.56,109941.92,160843.39
2018-05-22,10.66,10.79,10.76,10.6,78586.59,0.1,0.94,10.568,10.715,11.042,81033.13,115104.39,167624.28
2018-05-21,10.59,10.77,10.66,10.59,89486.03,0.13,1.24,10.556,10.781,11.068,87532.38,122783.91,175631.62
2018-05-18,10.45,10.57,10.53,10.28,72692.76,0.07,0.67,10.518,10.84,11.11,105853.61,128427.51,184931.63
2018-05-17,10.42,10.54,10.46,10.4,68396.43,0.03,0.29,10.58,10.883,11.167,115669.03,134383.71,194297.05
2018-05-16,10.63,10.68,10.43,10.4,96003.86,-0.27,-2.52,10.702,10.955,11.203,140663.27,148061.96,204322.74
2018-05-15,10.49,10.74,10.7,10.34,111082.84,0.23,2.2,10.862,11.013,11.28,149175.64,162753.78,214569.58
2018-05-14,10.79,10.88,10.47,10.4,181092.16,-0.37,-3.41,11.006,11.091,11.33,158035.43,179181.88,219961.88
2018-05-11,11.08,11.09,10.84,10.83,121769.84,-0.23,-2.08,11.162,11.216,11.381,151001.41,187296.99,222755.64
2018-05-10,11.26,11.32,11.07,10.87,193367.66,-0.16,-1.43,11.186,11.317,11.432,153098.4,206489.54,236528.23
2018-05-09,11.37,11.41,11.23,11.15,138565.7,-0.19,-1.66,11.208,11.382,11.451,155460.65,211744.87,237854.27
2018-05-08,11.21,11.43,11.42,11.16,155381.81,0.17,1.51,11.164,11.368,11.459,176331.91,220144.16,241335.0
2018-05-07,11.01,11.33,11.25,10.96,145922.03,0.29,2.65,11.176,11.354,11.444,200328.33,228479.34,245917.23
2018-05-04,11.1,11.16,10.96,10.91,132254.8,-0.22,-1.97,11.27,11.379,11.461,223592.56,241435.76,253853.51
2018-05-03,11.05,11.27,11.18,10.61,205178.92,0.17,1.54,11.448,11.451,11.479,259880.69,254210.39,263760.47
2018-05-02,11.47,11.51,11.01,10.85,242922.0,-0.47,-4.09,11.556,11.45,11.488,268029.08,260583.52,269841.49
2018-04-27,11.87,12.05,11.48,11.24,275363.91,-0.24,-2.05,11.572,11.547,11.489,263956.42,266385.38,272087.41
2018-04-26,11.85,12.05,11.72,11.62,262243.19,-0.13,-1.1,11.532,11.568,11.455,256630.34,260741.87,271509.04
2018-04-25,11.67,11.97,11.85,11.6,313695.41,0.13,1.11,11.488,11.546,11.399,259278.95,258214.3,269817.98
2018-04-24,11.07,11.74,11.72,10.92,245920.88,0.63,5.68,11.454,11.547,11.315,248540.1,266566.92,262682.3
2018-04-23,11.35,11.57,11.09,10.82,222558.69,-0.19,-1.68,11.344,11.519,11.221,253137.96,263963.68,265072.77
2018-04-20,11.43,11.8,11.28,11.26,238733.52,-0.22,-1.91,11.522,11.55,11.213,268814.34,262525.83,262735.6
2018-04-19,11.73,11.96,11.5,11.45,275486.25,-0.18,-1.54,11.604,11.533,11.19,264853.4,263355.13,261521.12
2018-04-18,11.31,11.79,11.68,11.07,260001.16,0.51,4.57,11.604,11.542,11.161,257149.65,266271.27,255660.83
2018-04-17,11.9,12.06,11.17,11.12,268910.16,-0.81,-6.76,11.64,11.506,11.127,284593.73,273310.56,250399.85
2018-04-16,11.58,12.03,11.98,11.51,300940.59,0.29,2.48,11.694,11.526,11.119,274789.4,279099.46,246032.18
2018-04-13,11.63,11.85,11.69,11.49,218928.84,0.19,1.65,11.578,11.43,11.081,256237.32,277789.44,242604.57
2018-04-12,11.7,11.8,11.5,11.44,236967.48,-0.36,-3.04,11.462,11.342,11.044,261856.85,282276.22,246284.68
2018-04-11,11.48,12.11,11.86,11.34,397221.59,0.42,3.67,11.48,11.251,11.045,275392.9,281421.66,254716.07
2018-04-10,11.46,11.5,11.44,11.11,219888.48,0.04,0.35,11.372,11.082,11.013,262027.38,258797.68,249940.26
2018-04-09,11.15,11.46,11.4,11.08,208180.2,0.29,2.61,11.358,10.922,11.0,283409.52,266181.86,255282.82
2018-04-04,11.47,11.57,11.11,11.04,247026.52,-0.48,-4.14,11.282,10.875,10.971,299341.56,262945.38,259569.13
2018-04-03,11.14,11.64,11.59,11.07,304647.69,0.27,2.38,11.222,10.847,10.944,302695.58,259687.12,258916.82
2018-04-02,11.35,11.69,11.32,11.2,330394.0,-0.05,-0.44,11.022,10.779,10.907,287450.41,245050.39,255041.54
2018-03-30,11.17,11.44,11.37,11.09,326799.19,0.35,3.18,10.792,10.747,10.888,255567.99,227489.15,251009.1
2018-03-29,10.92,11.29,11.02,10.81,287840.38,0.21,1.94,10.486,10.711,10.855,248954.2,212964.9,251300.73
2018-03-28,10.42,11.07,10.81,10.31,263796.62,0.22,2.08,10.468,10.731,10.849,226549.21,207419.71,254732.39
2018-03-27,10.29,10.71,10.59,10.27,228421.88,0.42,4.13,10.472,10.745,10.828,216678.66,210293.15,255371.1
2018-03-26,9.69,10.17,10.17,9.52,170981.88,0.33,3.35,10.536,10.839,10.825,202650.37,228010.48,263570.48
2018-03-23,10.45,10.56,9.84,9.84,293730.22,-1.09,-9.97,10.702,10.944,10.814,199410.32,241082.83,264536.3
2018-03-22,10.77,11.18,10.93,10.75,175815.44,0.1,0.92,10.936,11.077,10.805,176975.6,244383.79,255923.05
2018-03-21,10.99,11.34,10.83,10.8,214443.86,-0.08,-0.73,10.994,11.067,10.744,188290.21,256192.87,256882.21
2018-03-20,10.81,10.97,10.91,10.65,158280.45,-0.09,-0.82,11.018,11.041,10.664,203907.64,258146.52,251386.9
2018-03-19,10.95,11.23,11.0,10.8,154781.62,-0.01,-0.09,11.142,11.034,10.59,253370.59,265032.69,251632.01
2018-03-16,11.11,11.29,11.01,11.0,181556.64,-0.21,-1.87,11.186,11.029,10.511,282755.34,274529.05,252288.15
2018-03-15,10.92,11.34,11.22,10.86,232388.48,0.27,2.47,11.218,10.998,10.41,311791.97,289636.57,253457.25
2018-03-14,11.4,11.42,10.95,10.92,292531.03,-0.58,-5.03,11.14,10.967,10.32,324095.53,302045.06,250032.16
2018-03-13,11.18,11.75,11.53,11.16,405595.19,0.31,2.76,11.064,10.911,10.231,312385.4,300449.04,247217.5
2018-03-12,11.26,11.53,11.22,11.18,301705.38,0.05,0.45,10.926,10.811,10.113,276694.79,299130.48,241313.24
2018-03-09,10.8,11.38,11.17,10.72,326739.78,0.34,3.14,10.872,10.684,10.062,266302.75,287989.77,232903.38
2018-03-08,10.57,11.06,10.83,10.54,293906.25,0.26,2.46,10.778,10.532,10.018,267481.16,267462.31,225137.02
2018-03-07,10.77,10.82,10.57,10.44,233980.41,-0.27,-2.49,10.794,10.42,9.987,279994.6,257571.55,221440.81
2018-03-06,10.97,10.97,10.84,10.72,227142.14,-0.11,-1.0,10.758,10.287,9.977,288512.68,244627.28,224569.02
2018-03-05,10.8,11.04,10.95,10.68,249745.16,0.25,2.34,10.696,10.146,9.983,321566.16,238231.34,224201.84
2018-03-02,10.94,11.35,10.7,10.64,332631.84,-0.21,-1.93,10.496,9.992,10.001,309676.79,230047.25,231654.3
2018-03-01,10.24,11.06,10.91,10.2,356473.44,0.52,5.0,10.286,9.821,10.046,267443.46,217277.94,232864.72
2018-02-28,10.43,10.59,10.39,10.21,276570.84,-0.14,-1.33,10.046,9.672,10.088,235148.5,198019.25,233669.16
2018-02-27,9.96,10.77,10.53,9.88,392409.53,0.58,5.83,9.816,9.551,10.155,200741.87,193985.96,240292.29
2018-02-26,9.7,9.97,9.95,9.67,190298.28,0.3,3.11,9.596,9.415,10.223,154896.51,183496.0,238920.74
2018-02-23,9.61,9.67,9.65,9.54,121465.23,-0.06,-0.62,9.488,9.439,10.313,150417.71,177817.0,251694.66
2018-02-22,9.35,9.83,9.71,9.3,194998.64,0.47,5.09,9.356,9.504,10.421,167112.41,182811.72,282773.81
2018-02-14,9.4,9.43,9.24,9.2,104537.66,-0.19,-2.02,9.298,9.553,10.512,160890.0,185310.07,311908.51
2018-02-13,9.42,9.61,9.43,9.31,163182.73,0.02,0.21,9.286,9.667,10.661,187230.05,204510.76,312725.73
2018-02-12,9.18,9.53,9.41,9.09,167904.28,0.42,4.67,9.234,9.819,10.869,212095.5,210172.34,360959.44
2018-02-09,9.12,9.36,8.99,8.76,204938.72,-0.43,-4.57,9.39,10.01,11.036,205216.29,233261.34,391062.06
2018-02-08,9.11,9.53,9.42,9.11,163886.61,0.24,2.61,9.652,10.271,11.235,198511.03,248451.5,431097.93
2018-02-07,9.35,9.41,9.18,8.88,236237.92,0.01,0.11,9.808,10.504,11.452,209730.14,269319.06,478453.3
2018-02-06,9.98,10.0,9.17,9.17,287509.97,-1.02,-10.01,10.048,10.759,11.619,221791.48,286598.62,496455.83
2018-02-05,10.11,10.33,10.19,10.02,133508.23,-0.11,-1.07,10.404,11.03,11.73,208249.18,294345.48,492397.19
2018-02-02,10.2,10.43,10.3,10.0,171412.44,0.1,0.98,10.63,11.186,11.769,261306.4,325572.33,491254.67
2018-02-01,10.5,10.66,10.2,10.15,219982.12,-0.18,-1.73,10.89,11.338,11.792,298391.97,382735.9,486453.64
2018-01-31,10.86,10.94,10.38,10.31,296544.62,-0.57,-5.21,11.2,11.471,11.812,328907.99,438506.95,477810.83
2018-01-30,11.25,11.35,10.95,10.95,219798.5,-0.37,-3.27,11.47,11.655,11.828,351405.77,420940.69,465754.91
2018-01-29,11.45,11.52,11.32,11.05,398794.31,-0.28,-2.41,11.656,11.918,11.816,380441.78,511746.54,457103.86
2018-01-26,11.7,11.94,11.6,11.56,356840.31,-0.15,-1.28,11.742,12.061,11.781,389838.26,548862.78,439366.84
2018-01-25,11.74,11.95,11.75,11.62,372562.19,0.02,0.17,11.786,12.198,11.725,467079.83,613744.35,423400.64
2018-01-24,11.76,11.86,11.73,11.45,409033.53,-0.15,-1.26,11.742,12.4,11.658,548105.92,687587.54,406398.82
2018-01-23,11.65,12.0,11.88,11.54,364978.56,0.13,1.11,11.84,12.479,11.599,490475.61,706313.04,387634.17
2018-01-22,11.6,12.17,11.75,11.43,445776.69,-0.07,-0.59,12.18,12.429,11.525,643051.3,690448.89,371019.58
2018-01-19,11.72,12.32,11.82,11.55,743048.19,0.29,2.52,12.38,12.352,11.461,707887.31,656937.02,350544.56
2018-01-18,11.66,11.86,11.53,11.28,777692.62,-0.69,-5.65,12.61,12.245,11.396,760408.86,590171.38,316776.07
2018-01-17,12.22,12.22,12.22,12.22,120882.0,-1.36,-10.02,13.058,12.153,11.347,827069.16,517114.71,280990.47
2018-01-16,14.03,14.03,13.58,13.27,1127857.0,0.83,6.51,13.118,12.001,11.275,922150.47,510569.13,280475.59
2018-01-15,12.6,13.3,12.75,12.52,769956.75,-0.22,-1.7,12.678,11.713,11.122,737846.48,402461.18,226517.95
2018-01-12,13.98,13.98,12.97,12.92,1005655.94,-0.8,-5.81,12.324,11.501,11.007,605986.72,329870.89,190014.23
2018-01-11,13.1,13.77,13.77,12.88,1110994.12,1.25,9.98,11.88,11.251,10.888,419933.89,233056.93,142511.1
2018-01-10,11.82,12.52,12.52,11.77,596288.56,1.14,10.02,11.248,10.916,10.724,207160.26,125210.1,88722.94
2018-01-09,10.84,11.68,11.38,10.83,206337.02,0.4,3.64,10.884,10.719,10.621,98987.79,68955.3,61134.55
2018-01-08,10.74,11.1,10.98,10.61,110657.95,0.23,2.14,10.748,10.621,10.576,67075.89,51590.26,54416.73
2018-01-05,10.75,10.95,10.75,10.68,75391.81,0.14,1.32,10.678,10.57,10.54,53755.06,44152.11,50523.14
2018-01-04,10.69,10.7,10.61,10.58,47125.98,-0.09,-0.84,10.622,10.547,10.507,46179.97,43380.76,48387.57
2018-01-03,10.67,10.74,10.7,10.61,55426.18,0.0,0.0,10.584,10.54,10.48,43259.94,44866.23,47761.21
2018-01-02,10.65,10.71,10.7,10.57,46777.51,0.07,0.66,10.554,10.548,10.44,38922.81,50382.04,47573.89
2017-12-29,10.47,10.68,10.63,10.46,44053.84,0.16,1.53,10.494,10.531,10.418,36104.64,50574.71,47027.82
2017-12-28,10.42,10.54,10.47,10.38,37516.33,0.05,0.48,10.462,10.513,10.406,34549.16,50157.58,47136.51
2017-12-27,10.54,10.54,10.42,10.39,32525.83,-0.13,-1.23,10.472,10.524,10.395,40581.56,51965.28,46338.34
2017-12-26,10.39,10.56,10.55,10.38,33740.56,0.15,1.44,10.496,10.531,10.387,46472.52,52235.78,46276.87
2017-12-25,10.48,10.54,10.4,10.36,32686.64,-0.07,-0.67,10.542,10.522,10.378,61841.26,53313.8,46300.17
2017-12-22,10.53,10.65,10.47,10.45,36276.46,-0.05,-0.47,10.568,10.53,10.368,65044.79,57243.19,46102.06
2017-12-21,10.55,10.59,10.52,10.35,67678.31,-0.02,-0.19,10.564,10.51,10.353,65765.99,56894.16,46249.15
2017-12-20,10.7,10.73,10.54,10.51,61980.63,-0.24,-2.23,10.576,10.466,10.333,63349.0,53394.38,44982.9
2017-12-19,10.5,10.95,10.78,10.5,110584.28,0.25,2.37,10.566,10.419,10.321,57999.04,50656.19,43857.9
2017-12-18,10.42,10.55,10.53,10.42,48704.25,0.08,0.77,10.502,10.332,10.295,44786.33,44765.74,40523.38
2017-12-15,10.57,10.57,10.45,10.36,39882.47,-0.13,-1.23,10.492,10.305,10.292,49441.59,43480.93,40897.27
2017-12-14,10.52,10.58,10.58,10.45,55593.36,0.09,0.86,10.456,10.298,10.291,48022.33,44115.44,43350.83
2017-12-13,10.48,10.49,10.49,10.39,35230.85,0.03,0.29,10.356,10.265,10.304,43439.76,40711.41,42945.01
2017-12-12,10.53,10.55,10.46,10.38,44520.74,-0.02,-0.19,10.272,10.243,10.33,43313.33,40317.96,43895.42
2017-12-11,10.36,10.66,10.48,10.36,71980.52,0.21,2.04,10.162,10.234,10.357,44745.15,39286.55,44838.34
2017-12-08,10.08,10.31,10.27,10.08,32786.2,0.19,1.89,10.118,10.205,10.396,37520.27,34960.94,43704.67
2017-12-07,10.07,10.22,10.08,10.03,32680.51,0.01,0.1,10.14,10.195,10.442,40208.55,35604.15,44903.0
2017-12-06,9.95,10.12,10.07,9.86,34598.7,0.16,1.61,10.174,10.199,10.505,37983.05,36571.43,46569.25
2017-12-05,10.22,10.27,9.91,9.9,51679.8,-0.35,-3.41,10.214,10.222,10.56,37322.59,37059.61,47411.82
2017-12-04,10.39,10.41,10.26,10.24,35856.15,-0.12,-1.16,10.306,10.258,10.626,33827.95,36281.03,47862.18
2017-12-01,10.23,10.45,10.38,10.23,46227.58,0.13,1.27,10.292,10.278,10.669,32401.6,38313.62,49418.31
2017-11-30,10.26,10.3,10.25,10.21,21553.01,-0.02,-0.2,10.25,10.284,10.698,30999.75,42586.21,50357.81
2017-11-29,10.34,10.36,10.27,10.19,31296.41,-0.1,-0.96,10.224,10.342,10.742,35159.81,45178.61,51379.46
2017-11-28,10.19,10.38,10.37,10.17,34206.62,0.18,1.77,10.23,10.416,10.792,36796.64,47472.88,51941.79
2017-11-27,10.2,10.29,10.19,10.16,28724.39,0.02,0.2,10.21,10.48,10.836,38734.1,50390.14,52215.38
2017-11-24,10.1,10.27,10.17,10.05,39218.3,0.05,0.49,10.264,10.586,10.884,44225.63,52448.4,54511.55
2017-11-23,10.3,10.31,10.12,10.11,42353.32,-0.18,-1.75,10.318,10.688,10.945,54172.67,54201.84,57201.45
2017-11-22,10.32,10.4,10.3,10.23,39480.56,0.03,0.29,10.46,10.81,11.024,55197.42,56567.08,59500.23
2017-11-21,10.51,10.51,10.27,10.2,43893.95,-0.19,-1.82,10.602,10.897,11.099,58149.13,57764.03,63351.01
2017-11-20,10.39,10.5,10.46,10.12,56182.01,0.02,0.19,10.75,10.993,11.164,62046.17,59443.34,63721.2
2017-11-17,10.81,10.89,10.44,10.35,88953.53,-0.39,-3.6,10.908,11.059,11.221,60671.17,60523.01,64188.23
2017-11-16,11.03,11.04,10.83,10.78,47477.04,-0.18,-1.64,11.058,11.111,11.279,54231.01,58129.4,63263.89
2017-11-15,11.01,11.12,11.01,10.87,54239.11,0.0,0.0,11.16,11.142,11.297,57936.74,57580.31,63415.03
2017-11-14,11.28,11.3,11.01,10.94,63379.16,-0.24,-2.13,11.192,11.167,11.306,57378.93,56410.7,63521.56
2017-11-13,11.11,11.29,11.25,11.11,49307.02,0.06,0.54,11.236,11.192,11.323,56840.51,54040.63,62778.32
2017-11-10,11.3,11.31,11.19,11.16,56752.74,-0.15,-1.32,11.21,11.182,11.32,60374.84,56574.7,66099.91
2017-11-09,11.23,11.37,11.34,11.17,66005.66,0.17,1.52,11.164,11.202,11.346,62027.79,60201.05,66378.74
2017-11-08,11.18,11.31,11.17,11.14,51450.08,-0.06,-0.53,11.124,11.238,11.368,57223.87,62433.38,67995.52
2017-11-07,11.12,11.24,11.23,10.97,60687.04,0.11,0.99,11.142,11.3,11.393,55442.46,68937.99,69570.29
2017-11-06,10.92,11.18,11.12,10.85,66978.67,0.16,1.46,11.148,11.335,11.419,51240.75,67999.07,73721.04
2017-11-03,11.13,11.19,10.96,10.89,65017.51,-0.18,-1.62,11.154,11.383,11.446,52774.57,67853.45,75753.18
2017-11-02,11.23,11.25,11.14,11.09,41986.06,-0.12,-1.07,11.24,11.446,11.473,58374.31,68398.38,77509.82
2017-11-01,11.26,11.35,11.26,11.18,42543.01,0.0,0.0,11.352,11.451,11.491,67642.88,69249.75,80404.96
2017-10-31,11.15,11.29,11.26,11.12,39678.52,0.11,0.99,11.458,11.444,11.484,82433.53,70632.43,80267.41
2017-10-30,11.39,11.39,11.15,11.07,74647.74,-0.24,-2.11,11.522,11.453,11.476,84757.39,71516.01,80315.7
2017-10-27,11.7,11.73,11.39,11.35,93016.21,-0.31,-2.65,11.612,11.458,11.467,82932.33,75625.12,78974.19
2017-10-26,11.73,11.76,11.7,11.61,88328.91,-0.09,-0.76,11.652,11.49,11.455,78422.45,72556.43,77574.67
2017-10-25,11.59,11.79,11.79,11.55,116496.27,0.21,1.81,11.55,11.498,11.437,70856.62,73557.67,76280.43
2017-10-24,11.63,11.63,11.58,11.4,51297.8,-0.02,-0.17,11.43,11.486,11.426,58831.32,70202.58,74178.29
2017-10-23,11.57,11.69,11.6,11.47,65522.46,0.01,0.09,11.384,11.503,11.415,58274.64,79443.01,73823.78
2017-10-20,11.2,11.59,11.59,11.19,70466.83,0.4,3.58,11.304,11.509,11.406,68317.91,83652.9,72882.92
2017-10-19,11.19,11.29,11.19,11.04,50499.75,0.0,0.0,11.328,11.5,11.393,66690.4,86621.26,72566.95
2017-10-18,11.38,11.48,11.19,11.16,56369.76,-0.16,-1.41,11.446,11.531,11.404,76258.72,91560.16,73067.17
2017-10-17,11.2,11.42,11.35,11.15,48514.41,0.15,1.34,11.542,11.524,11.424,81573.85,89902.39,72966.82
2017-10-16,11.7,11.7,11.2,11.2,115738.82,-0.51,-4.36,11.622,11.499,11.434,100611.38,89115.38,74648.73
2017-10-13,11.79,11.8,11.71,11.62,62329.27,-0.07,-0.59,11.714,11.476,11.458,98987.89,82323.27,72169.52
2017-10-12,11.65,11.87,11.78,11.6,98341.36,0.11,0.94,11.672,11.419,11.452,106552.12,82592.91,72678.41
2017-10-11,11.72,11.84,11.67,11.62,82945.38,-0.08,-0.68,11.616,11.376,11.437,106861.6,79003.18,73423.07
2017-10-10,11.66,11.89,11.75,11.58,143702.06,0.09,0.77,11.506,11.366,11.442,98230.94,78154.0,76114.06
2017-10-09,11.68,11.72,11.66,11.51,107621.38,0.16,1.39,11.376,11.326,11.435,77619.38,68204.55,73529.23
2017-09-29,11.43,11.5,11.5,11.33,100150.4,0.0,0.0,11.238,11.303,11.437,65658.64,62112.93,79312.48
2017-09-28,11.13,11.5,11.5,11.09,99888.8,0.38,3.42,11.166,11.285,11.433,58633.71,58512.64,83265.82
2017-09-27,11.06,11.18,11.12,11.04,39792.05,0.02,0.18,11.136,11.277,11.416,51144.76,54574.17,81420.09
2017-09-26,10.97,11.12,11.1,10.94,40644.29,0.13,1.19,11.226,11.323,11.419,58077.06,56031.25,83225.93
2017-09-25,11.12,11.21,10.97,10.96,47817.68,-0.17,-1.53,11.276,11.368,11.421,58789.72,60182.07,85749.14
2017-09-22,11.32,11.32,11.14,11.1,65025.71,-0.21,-1.85,11.368,11.44,11.434,58567.22,62015.78,90072.6
2017-09-21,11.57,11.58,11.35,11.33,62444.06,-0.22,-1.9,11.404,11.484,11.426,58391.56,62763.91,91098.61
2017-09-20,11.34,11.59,11.57,11.25,74453.57,0.22,1.94,11.418,11.497,11.401,58003.58,67842.95,93680.91
2017-09-19,11.44,11.47,11.35,11.29,44207.57,-0.08,-0.7,11.42,11.517,11.381,53985.44,74074.12,95107.77
2017-09-18,11.33,11.45,11.43,11.28,46705.2,0.11,0.97,11.46,11.543,11.378,61574.43,78853.91,97620.97
2017-09-15,11.45,11.47,11.32,11.21,64147.42,-0.1,-0.88,11.512,11.57,11.371,65464.33,96512.02,101181.08
2017-09-14,11.59,11.59,11.42,11.38,60504.12,-0.16,-1.38,11.564,11.58,11.365,67136.26,108019.01,105918.47
2017-09-13,11.56,11.67,11.58,11.52,54362.89,0.03,0.26,11.576,11.554,11.362,77682.33,108266.02,120050.05
2017-09-12,11.71,11.72,11.55,11.51,82152.52,-0.14,-1.2,11.614,11.515,11.345,94162.79,110420.62,129314.91
2017-09-11,11.64,11.72,11.69,11.6,66154.7,0.11,0.95,11.626,11.474,11.331,96133.39,111316.2,143773.37
2017-09-08,11.47,11.63,11.58,11.45,72507.06,0.1,0.87,11.628,11.428,11.306,127559.72,118129.43,160010.19
2017-09-07,11.71,11.87,11.48,11.47,113234.48,-0.29,-2.46,11.596,11.368,11.235,148901.77,119433.3,158935.64
2017-09-06,11.54,11.89,11.77,11.5,136765.2,0.16,1.38,11.532,11.304,11.178,138849.7,119518.87,156105.45
2017-09-05,11.7,11.75,11.61,11.51,92005.53,-0.09,-0.77,11.416,11.244,11.116,126678.44,116141.42,151972.83
2017-09-04,11.4,11.86,11.7,11.34,223286.31,0.28,2.45,11.322,11.212,11.059,126499.01,116388.03,150482.65
2017-09-01,11.16,11.58,11.42,11.12,179217.31,0.26,2.33,11.228,11.171,10.991,108699.14,105850.13,141094.4
2017-08-31,11.2,11.22,11.16,11.07,62974.15,-0.03,-0.27,11.14,11.15,10.933,89964.84,103817.93,134452.0
2017-08-30,11.15,11.24,11.19,11.01,75908.91,0.05,0.45,11.076,11.169,10.888,100188.04,131834.09,133531.42
2017-08-29,11.23,11.34,11.14,11.11,91108.36,-0.09,-0.8,11.072,11.175,10.837,105604.4,148209.19,132824.27
2017-08-28,11.0,11.35,11.23,11.0,134286.95,0.25,2.28,11.102,11.187,10.8,106277.04,176230.54,130598.0
2017-08-25,10.89,11.08,10.98,10.89,85545.84,0.14,1.29,11.114,11.183,10.76,103001.12,201890.96,126318.04
2017-08-24,11.12,11.17,10.84,10.81,114090.12,-0.33,-2.95,11.16,11.102,10.73,117671.01,198437.98,124555.37
2017-08-23,11.3,11.42,11.17,11.08,102990.74,-0.12,-1.06,11.262,11.051,10.714,163480.13,192692.03,124310.69
2017-08-22,11.31,11.35,11.29,11.15,94471.56,0.0,0.0,11.278,10.987,10.66,190813.99,187804.25,120602.93
2017-08-21,11.24,11.3,11.29,11.11,117907.35,0.08,0.71,11.272,10.905,10.6,246184.04,184577.28,117687.39
2017-08-18,11.23,11.34,11.21,11.15,158895.27,-0.14,-1.23,11.252,10.811,10.542,300780.8,176338.67,114565.58
2017-08-17,11.19,11.68,11.35,11.09,343135.75,0.1,0.89,11.044,10.715,10.486,279204.95,165086.08,107965.01
2017-08-16,11.17,11.27,11.25,11.04,239660.0,-0.01,-0.09,10.84,10.607,10.427,221903.93,135228.76,92396.66
2017-08-15,11.21,11.35,11.26,11.05,371321.84,0.07,0.63,10.696,10.498,10.371,184794.51,117439.34,82567.25
2017-08-14,10.19,11.19,11.19,10.18,390891.16,1.02,10.03,10.538,10.412,10.307,122970.51,84965.45,66585.92
2017-08-11,10.23,10.3,10.17,10.15,51016.01,-0.16,-1.55,10.37,10.336,10.242,51896.54,50745.11,51497.8
2017-08-10,10.52,10.52,10.33,10.25,56630.63,-0.2,-1.9,10.386,10.358,10.256,50967.22,50672.75,50945.66
2017-08-09,10.5,10.53,10.53,10.36,54112.89,0.06,0.57,10.374,10.376,10.255,48553.6,55929.36,50236.84
2017-08-08,10.34,10.48,10.47,10.25,62201.88,0.12,1.16,10.3,10.332,10.245,50084.17,53401.62,49867.78
2017-08-07,10.21,10.4,10.35,10.21,35521.3,0.1,0.98,10.286,10.295,10.242,46960.39,50797.49,48821.48
2017-08-04,10.24,10.38,10.25,10.22,46369.38,-0.02,-0.2,10.302,10.272,10.254,49593.68,52792.49,49530.26
2017-08-03,10.13,10.37,10.27,10.12,44562.54,0.11,1.08,10.33,10.257,10.272,50378.29,50843.93,49564.24
2017-08-02,10.4,10.42,10.16,10.12,61765.76,-0.24,-2.31,10.378,10.247,10.289,63305.12,49564.57,49810.0
2017-08-01,10.43,10.47,10.4,10.3,46582.95,-0.03,-0.29,10.364,10.243,10.312,56719.07,47695.16,51335.9
2017-07-31,10.39,10.5,10.43,10.34,48687.75,0.04,0.39,10.304,10.201,10.317,54634.6,48206.38,50708.94
2017-07-28,10.45,10.53,10.39,10.36,50292.44,-0.12,-1.14,10.242,10.147,10.321,55991.3,52250.5,50328.94
2017-07-27,10.11,10.64,10.51,10.06,109196.69,0.42,4.16,10.184,10.153,10.323,51309.58,51218.56,49843.36
2017-07-26,10.05,10.14,10.09,10.02,28835.54,-0.01,-0.1,10.116,10.134,10.32,35824.01,44544.31,47279.78
2017-07-25,10.11,10.17,10.1,10.02,36160.58,-0.02,-0.2,10.122,10.157,10.328,38671.25,46333.93,48327.77
2017-07-24,10.12,10.17,10.12,9.99,55471.27,0.02,0.2,10.098,10.189,10.348,41778.16,46845.46,48259.78
2017-07-21,10.21,10.23,10.1,10.09,26883.81,-0.07,-0.69,10.052,10.235,10.367,48509.69,46268.03,48094.26
2017-07-20,10.12,10.23,10.17,10.1,31768.87,0.05,0.49,10.122,10.287,10.379,51127.55,48284.54,51350.04
2017-07-19,9.99,10.14,10.12,9.91,43071.74,0.14,1.4,10.152,10.33,10.389,53264.61,50055.43,52021.49
2017-07-18,9.87,10.02,9.98,9.84,51695.13,0.09,0.91,10.192,10.38,10.413,53996.61,54976.63,51968.74
2017-07-17,10.42,10.55,9.89,9.88,89128.92,-0.56,-5.36,10.28,10.432,10.448,51912.76,53211.51,51685.69
2017-07-14,10.36,10.55,10.45,10.36,39973.08,0.13,1.26,10.418,10.495,10.486,44026.36,48407.39,48734.06
2017-07-13,10.32,10.44,10.32,10.28,42454.19,0.0,0.0,10.452,10.492,10.494,45441.53,48468.15,48483.33
2017-07-12,10.37,10.45,10.32,10.14,46731.72,-0.05,-0.48,10.508,10.505,10.513,46846.24,50015.24,49680.87
2017-07-11,10.59,10.62,10.42,10.42,41275.87,-0.16,-1.51,10.568,10.499,10.523,55956.66,50321.6,49286.8
2017-07-10,10.62,10.66,10.58,10.55,49696.95,-0.04,-0.38,10.584,10.506,10.53,54510.26,49674.1,48838.57
2017-07-07,10.6,10.67,10.62,10.57,47048.91,0.02,0.19,10.572,10.499,10.519,52788.42,49920.49,48339.96
2017-07-06,10.61,10.65,10.6,10.5,49477.77,-0.02,-0.19,10.532,10.471,10.517,51494.77,54415.54,48369.83
2017-07-05,10.46,10.7,10.62,10.46,92283.8,0.12,1.14,10.502,10.448,10.512,53184.24,53987.56,48461.13
2017-07-04,10.52,10.55,10.5,10.43,34043.86,-0.02,-0.19,10.43,10.446,10.511,44686.55,48960.85,47556.44
2017-07-03,10.42,10.54,10.52,10.38,41087.74,0.1,0.96,10.428,10.463,10.506,44837.95,50159.88,48150.6
2017-06-30,10.41,10.46,10.42,10.34,40580.66,-0.03,-0.29,10.426,10.477,10.494,47052.56,49060.73,47932.94
2017-06-29,10.26,10.48,10.45,10.25,57925.12,0.19,1.85,10.41,10.495,10.485,57336.32,48498.52,48062.46
2017-06-28,10.48,10.48,10.26,10.24,49795.36,-0.23,-2.19,10.394,10.52,10.461,54790.89,49346.51,47825.59
2017-06-27,10.5,10.57,10.49,10.45,34800.87,-0.02,-0.19,10.462,10.547,10.459,53235.16,48252.0,47255.39
2017-06-26,10.46,10.53,10.51,10.3,52160.78,0.17,1.64,10.498,10.553,10.448,55481.8,48003.04,46947.93
2017-06-23,10.35,10.42,10.34,10.17,91999.46,-0.03,-0.29,10.528,10.538,10.436,51068.89,46759.43,46855.11
2017-06-22,10.6,10.64,10.37,10.35,45197.96,-0.23,-2.17,10.58,10.562,10.422,39660.72,42324.11,44037.76
2017-06-21,10.75,10.75,10.6,10.51,42016.71,-0.07,-0.66,10.646,10.575,10.402,43902.13,42934.7,44197.25
2017-06-20,10.65,10.79,10.67,10.64,46034.1,0.01,0.09,10.632,10.576,10.383,43268.85,46152.03,44483.05
2017-06-19,10.63,10.68,10.66,10.59,30096.24,0.06,0.57,10.608,10.549,10.376,40524.28,46141.32,45025.06
2017-06-16,10.65,10.72,10.6,10.59,34958.57,-0.1,-0.94,10.548,10.511,10.363,42449.97,46805.16,45491.11
2017-06-15,10.5,10.75,10.7,10.5,66405.01,0.17,1.61,10.544,10.474,10.357,44987.51,47626.4,47424.74
2017-06-14,10.53,10.62,10.53,10.41,38850.34,-0.02,-0.19,10.504,10.401,10.34,41967.27,46304.68,47170.52
2017-06-13,10.31,10.6,10.55,10.31,32311.22,0.19,1.83,10.52,10.371,10.321,49035.2,46258.78,47634.08
2017-06-12,10.5,10.58,10.36,10.35,39724.69,-0.22,-2.08,10.49,10.342,10.297,51758.36,45892.83,48442.57
2017-06-09,10.53,10.62,10.58,10.44,47646.29,0.08,0.76,10.474,10.334,10.285,51160.36,46950.78,51616.07
2017-06-08,10.57,10.64,10.5,10.49,51303.81,-0.11,-1.04,10.404,10.282,10.268,50265.3,45751.4,53643.96
2017-06-07,10.41,10.66,10.61,10.35,74190.01,0.21,2.02,10.298,10.228,10.281,50642.1,45459.8,53454.88
2017-06-06,10.3,10.45,10.4,10.18,45926.99,0.12,1.17,10.222,10.189,10.282,43482.35,42814.07,52050.08
2017-06-05,10.28,10.34,10.28,10.21,36734.7,0.05,0.49,10.194,10.203,10.3,40027.3,43908.81,52440.09
2017-06-02,9.91,10.27,10.23,9.9,43170.98,0.26,2.61,10.194,10.215,10.335,42741.2,44177.05,53865.61
2017-06-01,10.2,10.31,9.97,9.95,53187.8,-0.26,-2.54,10.16,10.24,10.37,41237.5,47223.07,56018.3
2017-05-31,10.36,10.44,10.23,10.15,38391.26,-0.03,-0.29,10.158,10.279,10.421,40277.5,48036.36,64754.27
2017-05-26,10.24,10.35,10.26,10.2,28651.77,-0.02,-0.2,10.156,10.271,10.511,42145.79,49009.38,65905.58
2017-05-25,10.05,10.35,10.28,9.99,50304.2,0.22,2.19,10.212,10.251,10.604,47790.32,50992.31,67910.92
2017-05-24,9.95,10.1,10.06,9.9,35652.49,0.1,1.0,10.236,10.236,10.687,45612.9,56281.36,67382.61
2017-05-23,10.2,10.24,9.96,9.96,48387.8,-0.26,-2.54,10.32,10.254,10.774,53208.64,61536.52,67390.31
2017-05-22,10.46,10.5,10.22,10.17,47732.71,-0.32,-3.04,10.4,10.334,10.864,55795.21,61449.96,67968.58
2017-05-19,10.42,10.55,10.54,10.27,56874.38,0.14,1.35,10.386,10.375,10.948,55872.96,61286.08,67251.44
2017-05-18,10.4,10.54,10.4,10.38,39417.13,-0.08,-0.76,10.29,10.397,11.019,54194.3,60971.38,67323.17
2017-05-17,10.34,10.59,10.48,10.31,73631.2,0.12,1.16,10.236,10.454,11.096,66949.81,63554.16,69098.08
2017-05-16,10.14,10.4,10.36,9.88,61320.63,0.21,2.07,10.188,10.499,11.176,69864.4,64813.52,68753.59
2017-05-15,10.15,10.34,10.15,10.14,48121.46,0.09,0.9,10.268,10.562,11.275,67104.71,81472.19,68965.46
2017-05-12,10.1,10.18,10.06,9.97,48481.1,-0.07,-0.69,10.364,10.751,11.385,66699.2,82801.78,71230.15
2017-05-11,10.16,10.21,10.13,9.88,103194.65,-0.11,-1.07,10.504,10.956,11.512,67748.45,84829.52,73595.6
2017-05-10,10.75,10.8,10.24,10.19,88204.17,-0.52,-4.83,10.672,11.137,11.644,60158.52,78483.87,79901.82
2017-05-09,10.62,10.77,10.76,10.51,47522.17,0.13,1.22,10.81,11.294,11.761,59762.64,73244.1,81352.51
2017-05-08,10.74,10.83,10.63,10.61,46093.92,-0.13,-1.21,10.856,11.394,11.832,95839.67,74487.21,82133.29
2017-05-05,10.93,10.96,10.76,10.75,53727.32,-0.21,-1.91,11.138,11.52,11.922,98904.36,73216.8,82918.87
2017-05-04,10.88,11.02,10.97,10.8,65245.01,0.04,0.37,11.408,11.64,12.002,101910.6,73674.97,82615.17
2017-05-03,10.96,11.0,10.93,10.78,86224.8,-0.06,-0.55,11.602,11.737,12.073,96809.23,74642.0,81997.16
2017-05-02,12.01,12.02,10.99,10.95,227907.28,-1.05,-8.72,11.778,11.852,12.132,86725.56,72693.65,80203.54
2017-04-28,12.09,12.1,12.04,11.9,61417.38,-0.07,-0.58,11.932,11.988,12.182,53134.75,56458.73,73709.2
2017-04-27,11.91,12.16,12.11,11.71,68758.53,0.17,1.42,11.902,12.018,12.199,47529.25,59658.51,73558.83
2017-04-26,11.87,11.99,11.94,11.81,39738.14,0.13,1.1,11.872,12.068,12.221,45439.33,62361.67,72137.23
2017-04-25,11.83,11.97,11.81,11.76,35806.48,0.05,0.42,11.872,12.151,12.25,52474.77,81319.78,72750.95
2017-04-24,11.91,11.96,11.76,11.66,59953.23,-0.13,-1.09,11.926,12.228,12.293,58661.74,89460.92,74386.19
2017-04-21,12.0,12.02,11.89,11.87,33389.85,-0.07,-0.58,12.044,12.27,12.333,59782.71,89779.37,75778.54
2017-04-20,12.01,12.04,11.96,11.78,58308.96,0.02,0.17,12.134,12.323,12.37,71787.78,92620.94,79645.91
2017-04-19,12.08,12.1,11.94,11.73,74915.35,-0.14,-1.16,12.264,12.364,12.422,79284.01,91555.38,79760.24
2017-04-18,12.34,12.41,12.08,12.06,66741.29,-0.27,-2.19,12.43,12.408,12.479,110164.78,89352.32,79323.55
2017-04-17,12.4,12.54,12.35,12.23,65558.09,0.01,0.08,12.53,12.411,12.521,120260.11,87713.43,82643.53
2017-04-14,12.54,12.68,12.34,12.28,93415.19,-0.27,-2.14,12.496,12.376,12.558,119776.03,90959.66,84666.6
2017-04-13,12.78,12.83,12.61,12.57,95790.12,-0.16,-1.25,12.512,12.38,12.586,113454.1,87459.14,82864.65
2017-04-12,12.79,13.18,12.77,12.75,229319.19,0.19,1.51,12.464,12.373,12.608,103826.75,81912.79,81947.98
2017-04-11,12.19,12.67,12.58,12.15,117217.94,0.4,3.28,12.386,12.349,12.621,68539.87,64182.12,73905.51
2017-04-10,12.42,12.45,12.18,12.15,63137.71,-0.24,-1.93,12.292,12.357,12.634,55166.76,59311.46,70830.09
2017-04-07,12.5,12.6,12.42,12.4,61805.52,0.05,0.4,12.256,12.395,12.668,62143.29,61777.7,71037.57
2017-04-06,12.4,12.47,12.37,12.31,47653.37,-0.01,-0.08,12.248,12.417,12.695,61464.18,66670.88,71950.55
2017-04-05,12.16,12.4,12.38,12.16,52884.79,0.27,2.23,12.282,12.479,12.735,59998.84,67965.1,73717.55
2017-03-31,12.06,12.19,12.11,12.03,50352.41,0.11,0.92,12.312,12.55,12.775,59824.38,69294.79,76535.9
2017-03-30,12.4,12.41,12.0,11.96,98020.36,-0.38,-3.07,12.422,12.63,12.82,63456.17,77573.64,82700.12
2017-03-29,12.57,12.58,12.38,12.38,58409.98,-0.16,-1.28,12.534,12.74,12.863,61412.12,78373.54,81804.38
2017-03-28,12.53,12.61,12.54,12.5,40326.64,0.01,0.08,12.586,12.792,12.886,71877.59,78270.16,82125.82
2017-03-27,12.67,12.67,12.53,12.51,52012.5,-0.13,-1.03,12.676,12.842,12.902,75931.37,81983.17,84189.04
2017-03-24,12.6,12.66,12.66,12.46,68511.35,0.1,0.8,12.788,12.892,12.908,78765.19,83628.89,84476.86
2017-03-23,12.65,12.72,12.56,12.41,87800.12,-0.08,-0.63,12.838,12.911,12.915,91691.11,82348.71,84532.06
2017-03-22,12.92,12.94,12.64,12.57,110737.32,-0.35,-2.69,12.946,12.94,12.926,95334.95,80297.43,84094.7
2017-03-21,13.15,13.15,12.99,12.89,60595.54,-0.1,-0.76,12.998,12.972,12.931,84662.73,77230.21,82668.81
2017-03-20,12.89,13.09,13.09,12.8,66181.64,0.18,1.39,13.008,12.991,12.915,88034.97,79469.99,84418.77
2017-03-17,13.1,13.27,12.91,12.89,133140.91,-0.19,-1.45,12.996,12.999,12.887,88492.59,83777.02,83633.76
2017-03-16,12.93,13.14,13.1,12.91,106019.36,0.2,1.55,12.984,13.01,12.858,73006.31,87826.61,80082.14
2017-03-15,12.95,12.96,12.9,12.84,57376.22,-0.14,-1.07,12.934,12.986,12.826,65259.91,85235.23,77205.36
2017-03-14,13.04,13.1,13.04,12.86,77456.71,0.01,0.08,12.946,12.98,12.802,69797.68,85981.48,78209.74
2017-03-13,12.85,13.04,13.03,12.71,68469.77,0.18,1.4,12.974,12.962,12.782,70905.02,86394.91,77130.69
2017-03-10,12.85,12.94,12.85,12.74,55709.5,0.0,0.0,13.002,12.923,12.766,79061.44,85324.83,77810.14
2017-03-09,12.96,13.09,12.85,12.8,67287.36,-0.11,-0.85,13.036,12.918,12.755,102646.91,86715.41,78886.3
2017-03-08,13.16,13.16,12.96,12.93,80065.06,-0.22,-1.67,13.038,12.912,12.749,105210.55,87891.98,80508.15
2017-03-07,13.12,13.18,13.18,13.01,82993.4,0.01,0.08,13.014,12.889,12.731,102165.28,88107.42,80138.73
2017-03-06,12.98,13.24,13.17,12.94,109251.87,0.15,1.15,12.95,12.839,12.696,101884.8,89367.55,78473.83
2017-03-03,12.93,13.22,13.02,12.88,173636.84,0.16,1.24,12.844,12.774,12.669,91588.22,83490.5,75661.44
2017-03-02,12.84,12.98,12.86,12.72,80105.58,0.02,0.16,12.8,12.705,12.643,70783.92,72337.66,68760.08
2017-03-01,12.81,12.91,12.84,12.76,64838.7,-0.02,-0.16,12.786,12.665,12.625,70573.4,69175.5,64755.11
2017-02-28,12.64,12.86,12.86,12.64,81591.01,0.22,1.74,12.764,12.623,12.608,74049.56,70438.0,63115.97
2017-02-27,12.82,12.83,12.64,12.58,57768.97,-0.16,-1.25,12.728,12.602,12.591,76850.31,67866.47,60553.09
2017-02-24,12.74,12.86,12.8,12.71,69615.34,0.01,0.08,12.704,12.609,12.582,75392.79,70295.44,59544.01
2017-02-23,12.71,12.85,12.79,12.6,79052.98,0.06,0.47,12.61,12.591,12.57,73891.4,71057.19,58714.53
2017-02-22,12.66,12.75,12.73,12.6,82219.51,0.05,0.39,12.544,12.586,12.558,67777.59,73124.33,57659.47
2017-02-21,12.54,12.77,12.68,12.5,95594.74,0.16,1.28,12.482,12.572,12.534,66826.44,72170.05,55246.18
2017-02-20,12.36,12.53,12.52,12.32,50481.37,0.19,1.54,12.476,12.553,12.513,58882.63,67580.12,52168.89
2017-02-17,12.42,12.52,12.33,12.31,62108.41,-0.13,-1.04,12.514,12.563,12.502,65198.09,67832.38,52657.77
2017-02-16,12.43,12.5,12.46,12.32,48483.92,0.04,0.32,12.572,12.581,12.491,68222.98,65182.51,56692.58
2017-02-15,12.62,12.73,12.42,12.36,77463.76,-0.23,-1.82,12.628,12.585,12.512,78471.06,60334.72,57285.54
2017-02-14,12.71,12.75,12.65,12.62,55875.71,-0.06,-0.47,12.662,12.593,12.545,77513.65,55793.93,55508.12
2017-02-13,12.6,12.79,12.71,12.57,82058.67,0.09,0.71,12.63,12.579,12.575,76277.6,53239.72,55183.05
2017-02-10,12.72,12.8,12.62,12.6,77232.82,-0.12,-0.94,12.612,12.554,12.613,70466.66,48792.58,54500.76
2017-02-09,12.55,12.78,12.74,12.51,99724.34,0.15,1.19,12.59,12.549,12.658,62142.04,46371.86,53095.45
2017-02-08,12.49,12.61,12.59,12.32,72676.73,0.1,0.8,12.542,12.529,12.689,42198.37,42194.61,50789.59
2017-02-07,12.62,12.63,12.49,12.41,49695.42,-0.13,-1.03,12.524,12.495,12.735,34074.21,38322.3,49787.15
2017-02-06,12.5,12.67,12.62,12.45,53004.0,0.11,0.88,12.528,12.472,12.787,30201.84,36757.67,51503.74
2017-02-03,12.5,12.59,12.51,12.38,35609.71,0.01,0.08,12.496,12.441,12.823,27118.49,37483.15,51031.81
2017-02-02,12.5,12.5,12.5,12.5,6.0,0.0,0.0,12.508,12.4,12.854,30601.69,48202.65,52574.4
2017-01-26,12.59,12.59,12.5,12.49,32055.92,-0.01,-0.08,12.516,12.439,12.891,42190.85,54236.36,54743.71
2017-01-25,12.45,12.61,12.51,12.41,30333.57,0.05,0.4,12.466,12.497,12.927,42570.4,55222.31,54923.73
2017-01-24,12.56,12.6,12.46,12.45,37587.25,-0.11,-0.88,12.416,12.571,12.965,43313.5,57126.38,55822.91
2017-01-23,12.57,12.69,12.57,12.51,53025.7,0.03,0.24,12.386,12.672,13.011,47847.82,60208.94,58379.51
2017-01-20,12.27,12.63,12.54,12.22,57951.83,0.29,2.37,12.292,12.766,13.045,65803.62,59819.04,59736.31
2017-01-19,12.27,12.31,12.25,12.09,33953.64,-0.01,-0.08,12.362,12.849,13.092,66281.87,59384.57,60668.3
2017-01-18,12.28,12.35,12.26,12.18,34049.1,-0.05,-0.41,12.528,12.974,13.16,67874.23,61251.99,63584.22
2017-01-17,12.1,12.41,12.31,11.92,60258.82,0.21,1.74,12.726,13.102,13.225,70939.26,66249.8,65725.22
2017-01-16,12.89,12.95,12.1,11.65,142804.7,-0.79,-6.13,12.958,13.204,13.281,72570.06,64580.47,66653.79
2017-01-13,13.07,13.15,12.89,12.82,60343.08,-0.19,-1.45,13.24,13.308,13.351,53834.46,56946.14,64835.47
2017-01-12,13.26,13.32,13.08,13.08,41915.45,-0.17,-1.28,13.336,13.342,13.376,52487.28,55251.06,67095.04
2017-01-11,13.44,13.48,13.25,13.25,49374.23,-0.22,-1.63,13.42,13.356,13.386,54629.74,54625.15,70550.35
2017-01-10,13.58,13.58,13.47,13.39,68412.85,-0.04,-0.3,13.478,13.359,13.389,61560.35,54519.45,74939.58
2017-01-09,13.36,13.52,13.51,13.33,49126.67,0.14,1.05,13.45,13.349,13.386,56590.87,56550.09,81569.93
2017-01-06,13.48,13.52,13.37,13.37,53607.18,-0.13,-0.96,13.376,13.324,13.421,60057.82,59653.59,86262.41
2017-01-05,13.54,13.57,13.5,13.44,52627.79,-0.04,-0.29,13.348,13.334,13.47,58014.84,61952.04,91464.91
2017-01-04,13.3,13.58,13.54,13.3,84027.24,0.21,1.57,13.292,13.345,13.53,54620.56,65916.45,95200.56
2017-01-03,13.19,13.34,13.33,13.14,43565.46,0.19,1.45,13.24,13.348,13.582,47478.55,65200.65,101583.06
2016-12-30,13.28,13.29,13.14,13.1,66461.42,-0.09,-0.68,13.248,13.357,13.661,56509.31,68727.12,112749.08
2016-12-29,13.19,13.38,13.23,13.16,43392.3,0.01,0.08,13.272,13.393,13.776,59249.35,72724.81,124437.9
2016-12-28,13.32,13.32,13.22,13.17,35656.37,-0.06,-0.45,13.32,13.409,13.874,65889.23,78939.02,131309.95
2016-12-27,13.3,13.36,13.28,13.24,48317.21,-0.09,-0.67,13.398,13.415,13.97,77212.34,86475.55,142051.17
2016-12-26,13.2,13.37,13.37,12.85,88719.24,0.11,0.83,13.456,13.418,14.044,82922.74,95359.72,148427.55
2016-12-23,13.47,13.51,13.26,13.25,80161.65,-0.21,-1.56,13.466,13.423,14.131,80944.93,106589.77,158864.99
2016-12-22,13.61,13.61,13.47,13.41,76591.69,-0.14,-1.03,13.514,13.517,14.202,86200.27,112871.23,163804.36
2016-12-21,13.57,13.65,13.61,13.5,92271.89,0.04,0.29,13.498,13.606,14.259,91988.81,120977.78,168145.62
2016-12-20,13.45,13.67,13.57,13.41,76869.25,0.15,1.12,13.432,13.714,14.309,95738.76,124484.67,171501.39
2016-12-19,13.45,13.5,13.42,13.3,78830.15,-0.08,-0.59,13.38,13.815,14.369,107796.69,137965.46,180265.85
2016-12-16,13.37,13.69,13.5,13.37,106438.37,0.11,0.82,13.38,13.965,14.435,132234.61,156771.04,189127.92
2016-12-15,13.29,13.56,13.39,13.26,105534.41,0.11,0.83,13.52,14.159,14.484,139542.18,176150.99,193480.0
2016-12-14,13.34,13.46,13.28,13.25,111021.63,-0.03,-0.23,13.714,14.339,14.544,149966.75,183680.88,198365.87
2016-12-13,13.42,13.5,13.31,13.24,137158.88,-0.11,-0.82,13.996,14.524,14.619,153230.57,197626.78,203503.77
2016-12-12,14.2,14.42,13.42,13.39,201019.77,-0.78,-5.49,14.25,14.669,14.701,168134.24,201495.38,207650.32
2016-12-09,14.36,14.4,14.2,14.11,142976.23,-0.16,-1.11,14.55,14.838,14.786,181307.47,211140.21,208092.36
2016-12-08,14.68,14.72,14.36,14.3,157657.23,-0.33,-2.25,14.798,14.886,14.828,212759.8,214737.49,212743.51
2016-12-07,14.52,14.72,14.69,14.49,127340.73,0.11,0.75,14.964,14.912,14.864,217395.01,215313.46,216980.92
2016-12-06,14.9,14.99,14.58,14.56,211677.23,-0.34,-2.28,15.052,14.903,14.878,242022.99,218518.12,224450.93
2016-12-05,15.16,15.58,14.92,14.79,266885.94,-0.52,-3.37,15.088,14.923,14.905,234856.52,222566.23,225612.18
2016-12-02,15.13,15.54,15.44,14.89,300237.88,0.25,1.65,15.126,14.904,14.904,240972.94,221484.8,221484.8
2016-12-01,15.14,15.3,15.19,14.98,180833.28,0.06,0.4,14.974,14.844,14.844,216715.18,212734.46,212734.46
2016-11-30,14.77,15.35,15.13,14.7,250480.64,0.37,2.51,14.86,14.801,14.801,213231.9,216722.11,216722.11
2016-11-29,15.04,15.19,14.76,14.73,175844.88,-0.35,-2.32,14.754,14.754,14.754,195013.25,211899.46,211899.46
2016-11-28,14.7,15.24,15.11,14.52,297468.03,0.43,2.93,14.758,14.753,14.753,210275.93,217908.56,217908.56
2016-11-25,14.61,14.71,14.68,14.13,178949.06,0.06,0.41,14.682,14.682,14.682,201996.66,201996.66,201996.66
2016-11-24,14.6,14.85,14.62,14.51,163416.88,0.02,0.14,14.683,14.683,14.683,207758.56,207758.56,207758.56
2016-11-23,14.73,14.96,14.6,14.56,159387.41,-0.18,-1.22,14.703,14.703,14.703,222539.12,222539.12,222539.12
2016-11-22,14.64,14.95,14.78,14.59,252158.27,0.05,0.34,14.755,14.755,14.755,254114.98,254114.98,254114.98
2016-11-21,14.2,14.75,14.73,14.17,256071.69,0.48,3.37,14.73,14.73,14.73,256071.69,256071.69,256071.69
