date,open,high,close,low,volume,price_change,p_change,ma5,ma10,ma20,v_ma5,v_ma10,v_ma20
2019-05-21,17.5,18.42,18.3,17.43,47304.73,0.74,4.21,18.228,18.374,19.296,41235.33,39713.17,44239.44
2019-05-20,18.01,18.16,17.56,17.0,51540.68,-0.57,-3.14,18.24,18.386,19.451,37337.62,39269.63,44113.59
2019-05-17,18.6,18.81,18.13,18.01,46519.25,-0.47,-2.53,18.436,18.438,19.647,33446.45,41462.28,44056.42
2019-05-16,18.59,18.69,18.6,18.38,30500.0,0.05,0.27,18.572,18.625,19.811,35007.62,40899.92,44289.74
2019-05-15,18.52,18.65,18.55,18.44,30312.0,0.19,1.03,18.52,18.711,19.937,34728.67,43217.08,45306.55
2019-05-14,18.2,18.63,18.36,18.2,27816.18,-0.18,-0.97,18.52,18.907,20.082,38191.01,44192.13,47086.43
2019-05-13,18.56,18.94,18.54,18.43,32084.8,-0.27,-1.44,18.532,19.123,20.259,41201.63,47007.46,50126.22
2019-05-10,18.43,18.89,18.81,17.78,54325.13,0.47,2.56,18.44,19.398,20.461,49478.12,47768.93,53404.6
2019-05-09,18.4,18.84,18.34,18.09,29105.26,-0.21,-1.13,18.678,19.618,20.645,46792.21,46261.15,54309.61
2019-05-08,18.17,19.4,18.55,17.92,47623.7,0.13,0.71,18.902,19.912,20.834,51705.48,48098.57,57290.92
2019-05-07,18.36,18.68,18.42,18.11,42869.26,0.34,1.88,19.294,20.218,21.047,50193.25,48765.7,59875.66
2019-05-06,19.4,19.4,18.08,18.0,73467.26,-1.92,-9.6,19.714,20.515,21.256,52813.29,48957.56,61168.99
2019-04-30,19.5,20.22,20.0,19.5,40895.59,0.54,2.77,20.356,20.856,21.477,46059.73,46650.56,62281.61
2019-04-29,20.42,20.48,19.46,19.41,53671.57,-1.05,-5.12,20.558,20.996,21.607,45730.09,47679.56,66800.54
2019-04-26,20.5,20.79,20.51,20.31,40062.59,-0.01,-0.05,20.922,21.162,21.709,44491.66,47396.03,68487.79
2019-04-25,21.14,21.57,20.52,20.48,55969.44,-0.77,-3.62,21.142,21.256,21.737,47338.15,49980.73,70168.35
2019-04-24,20.95,21.3,21.29,20.7,39699.46,0.28,1.33,21.316,21.395,21.778,45101.83,53244.97,70665.12
2019-04-23,21.33,21.45,21.01,20.88,39247.38,-0.27,-1.27,21.356,21.524,21.769,47241.39,59040.28,73765.14
2019-04-22,21.5,21.57,21.28,21.22,47479.45,-0.33,-1.53,21.434,21.671,21.831,49629.04,62358.07,76311.45
2019-04-19,21.79,21.97,21.61,21.48,54295.0,0.22,1.03,21.402,21.756,21.911,50300.39,66483.27,78997.26
2019-04-18,21.77,21.8,21.39,21.33,44787.87,-0.1,-0.47,21.37,21.875,21.959,52623.32,70985.62,80957.0
2019-04-17,21.44,21.87,21.49,21.3,50397.25,0.09,0.42,21.474,21.997,22.006,61388.11,73380.41,83958.85
2019-04-16,20.9,21.5,21.4,20.77,51185.61,0.28,1.33,21.692,22.097,22.06,70839.16,77912.65,86015.74
2019-04-15,21.73,21.95,21.12,21.08,50836.22,-0.33,-1.54,21.908,22.217,22.142,75087.1,85921.52,88838.78
2019-04-12,21.41,21.84,21.45,21.34,65909.65,-0.46,-2.1,22.11,22.255,22.236,82666.15,89579.55,92594.59
2019-04-11,22.65,22.97,21.91,21.8,88611.84,-0.67,-2.97,22.38,22.217,22.328,89347.92,90355.97,96475.47
2019-04-10,22.48,22.88,22.58,22.23,97652.5,0.1,0.45,22.52,22.161,22.377,85372.71,88085.26,100556.8
2019-04-09,22.12,22.55,22.48,21.9,72425.3,0.35,1.58,22.502,22.013,22.409,84986.14,88490.01,105364.91
2019-04-08,22.7,22.87,22.13,21.9,88731.45,-0.67,-2.94,22.526,21.991,22.436,96755.93,90264.83,111209.14
2019-04-04,22.67,23.1,22.8,22.57,99318.5,0.19,0.84,22.4,22.065,22.4,96492.96,91511.25,119924.84
2019-04-03,22.22,22.7,22.61,22.07,68735.82,0.12,0.53,22.054,22.043,22.412,91364.02,90928.39,124567.63
2019-04-02,22.62,23.06,22.49,22.3,95719.64,-0.11,-0.49,21.802,22.014,22.447,90797.81,94537.29,136834.33
2019-04-01,21.91,23.19,22.6,21.91,131274.25,1.1,5.12,21.524,22.023,22.381,91993.88,94118.82,140536.67
2019-03-29,21.21,21.57,21.5,20.55,87416.57,0.43,2.04,21.456,22.066,22.28,83773.72,91756.04,143226.3
2019-03-28,21.44,21.66,21.07,21.0,73673.81,-0.28,-1.31,21.73,22.216,22.21,86529.54,95609.63,143482.5
2019-03-27,21.3,21.54,21.35,21.13,65904.8,0.25,1.19,22.032,22.439,22.171,90492.76,102594.97,148615.35
2019-03-26,22.26,22.55,21.1,21.0,101699.97,-1.16,-5.21,22.226,22.593,22.092,98276.76,113028.34,155199.46
2019-03-25,22.28,22.67,22.26,22.06,90173.45,-0.61,-2.67,22.522,22.804,22.059,96243.76,122239.81,164426.55
2019-03-22,22.54,22.88,22.87,21.84,101195.66,0.29,1.28,22.676,22.88,21.878,99738.36,132153.46,167226.88
2019-03-21,22.53,22.9,22.58,22.35,93489.91,0.26,1.17,22.702,22.734,21.63,104689.72,148338.43,166160.67
2019-03-20,22.57,22.81,22.32,21.78,104824.79,-0.26,-1.15,22.846,22.781,21.393,114697.19,158206.88,167111.72
2019-03-19,23.25,23.29,22.58,22.42,91534.98,-0.45,-1.95,22.96,22.879,21.144,127779.93,179131.38,165164.44
2019-03-18,23.3,23.3,23.03,22.53,107646.46,0.03,0.13,23.086,22.739,20.895,148235.85,186954.51,164333.1
2019-03-15,23.0,23.54,23.0,22.72,125952.48,-0.3,-1.29,23.084,22.493,20.624,164568.57,194696.56,162076.68
2019-03-14,22.87,23.35,23.3,21.6,143527.23,0.41,1.79,22.766,22.203,20.332,191987.13,191355.38,158212.46
2019-03-13,23.12,23.97,22.89,22.6,170238.48,-0.32,-1.38,22.716,21.902,20.024,201716.57,194635.72,153232.86
2019-03-12,22.9,23.6,23.21,22.72,193814.62,0.19,0.82,22.798,21.59,19.742,230482.83,197370.57,147675.76
2019-03-11,21.45,23.08,23.02,21.45,189310.02,1.61,7.52,22.392,21.313,19.432,225673.17,206613.29,140413.28
2019-03-08,22.41,22.78,21.41,21.09,263045.31,-1.64,-7.12,21.902,20.875,19.125,224824.55,202300.29,133089.86
2019-03-07,23.15,23.8,23.05,22.81,192174.41,-0.25,-1.07,21.64,20.525,18.882,190723.62,183982.92,121623.82
2019-03-06,21.63,23.3,23.3,21.63,314069.81,2.12,10.01,21.088,20.004,18.525,187554.87,176016.57,114047.85
2019-03-05,20.3,21.45,21.18,20.2,169766.3,0.61,2.96,20.382,19.409,18.166,164258.31,151197.49,100333.01
2019-03-04,20.42,21.15,20.57,20.24,185066.92,0.47,2.34,20.234,19.051,17.924,187553.41,141711.69,94038.45
2019-03-01,20.03,20.45,20.1,19.81,92540.68,-0.19,-0.94,19.848,18.754,17.714,179776.03,129456.81,91215.47
2019-02-28,19.97,20.86,20.29,19.9,176330.62,0.52,2.63,19.41,18.461,17.598,177242.21,125069.54,89233.87
2019-02-27,20.24,20.59,19.77,19.5,197587.05,-0.67,-3.28,18.92,18.146,17.466,164478.27,111830.01,82146.34
2019-02-26,18.87,20.5,20.44,18.7,286241.78,1.8,9.66,18.436,17.893,17.36,138136.67,97980.94,73933.23
2019-02-25,18.21,18.72,18.64,17.88,146180.03,0.73,4.08,17.868,17.55,17.216,95869.96,74213.28,62250.88
2019-02-22,17.8,17.99,17.91,17.52,79871.55,0.07,0.39,17.66,17.374,17.189,79137.58,63879.42,58017.48
2019-02-21,17.25,18.09,17.84,17.25,112510.96,0.49,2.82,17.512,17.238,17.183,72896.87,59264.73,56113.41
2019-02-20,17.75,17.79,17.35,17.18,65879.04,-0.25,-1.42,17.372,17.046,17.174,59181.74,52079.13,52764.56
2019-02-19,17.66,17.98,17.6,17.36,74908.22,0.0,0.0,17.35,16.922,17.193,57825.22,49468.53,51347.81
2019-02-18,17.2,17.65,17.6,17.18,62518.13,0.43,2.5,17.232,16.796,17.204,52556.6,46365.21,50089.18
2019-02-15,17.14,17.44,17.17,17.11,48668.01,0.03,0.17,17.088,16.673,17.207,48621.27,52974.14,50533.53
2019-02-14,17.14,17.25,17.14,17.0,43935.31,-0.1,-0.58,16.964,16.734,17.244,45632.6,53398.21,50651.22
2019-02-13,17.0,17.3,17.24,16.9,59096.41,0.23,1.35,16.72,16.786,17.292,44976.51,52462.68,51869.56
2019-02-12,16.88,17.21,17.01,16.79,48565.12,0.13,0.77,16.494,16.827,17.324,41111.85,49885.52,53781.01
2019-02-11,16.56,16.98,16.88,16.44,42841.48,0.33,1.99,16.36,16.881,17.384,40173.82,50288.48,56983.43
2019-02-01,16.01,16.58,16.55,16.01,33724.66,0.63,3.96,16.258,17.003,17.439,57327.02,52155.54,61142.63
2019-01-31,16.19,16.27,15.92,15.87,40654.89,-0.19,-1.18,16.504,17.127,17.48,61163.82,52962.08,62968.46
2019-01-30,16.3,16.4,16.11,16.05,39773.08,-0.23,-1.41,16.852,17.302,17.541,59948.85,53450.0,64041.91
2019-01-29,16.35,16.54,16.34,16.24,43875.01,-0.03,-0.18,17.16,17.464,17.594,58659.19,53227.09,66947.28
2019-01-28,17.39,17.43,16.37,16.11,128607.44,-1.41,-7.93,17.402,17.612,17.589,60403.14,53813.16,65831.51
2019-01-25,17.72,18.04,17.78,17.55,52908.68,0.12,0.68,17.748,17.74,17.575,46984.06,48092.91,60576.88
2019-01-24,17.76,17.8,17.66,17.51,34580.04,0.01,0.06,17.75,17.753,17.511,44760.33,47904.24,58904.07
2019-01-23,17.49,17.8,17.65,17.38,33324.78,0.1,0.57,17.752,17.798,17.457,46951.15,51276.44,58992.65
2019-01-22,18.09,18.09,17.55,17.46,52594.78,-0.55,-3.04,17.768,17.82,17.411,47795.0,57676.5,58784.93
2019-01-21,17.79,18.28,18.1,17.69,61512.0,0.31,1.74,17.822,17.887,17.359,47223.17,63678.38,57931.2
2019-01-18,17.68,17.98,17.79,17.57,41790.07,0.12,0.68,17.732,17.874,17.291,49201.77,70129.73,56033.51
2019-01-17,17.75,17.95,17.67,17.42,45534.14,-0.06,-0.34,17.756,17.832,17.235,51048.14,72974.85,55429.86
2019-01-16,17.82,17.93,17.73,17.63,37544.0,-0.09,-0.51,17.844,17.78,17.184,55601.73,74633.81,54876.45
2019-01-15,17.65,17.95,17.82,17.63,49735.62,0.17,0.96,17.872,17.723,17.137,67558.0,80667.46,54881.87
2019-01-14,18.01,18.35,17.65,17.54,71405.02,-0.26,-1.45,17.952,17.565,17.087,80133.59,77849.87,55403.55
2019-01-11,17.96,18.16,17.91,17.75,51021.9,-0.2,-1.1,18.016,17.41,17.075,91057.68,73060.84,54870.17
2019-01-10,18.0,18.43,18.11,17.9,68302.09,0.24,1.34,17.908,17.268,17.049,94901.56,69903.9,55973.48
2019-01-09,18.17,18.49,17.87,17.8,97325.37,-0.35,-1.92,17.716,17.115,17.035,93665.89,66708.86,56129.68
2019-01-08,17.96,18.7,18.22,17.84,112613.59,0.25,1.39,17.574,17.002,16.998,93776.92,59893.35,55026.49
2019-01-07,17.48,18.38,17.97,17.2,126025.47,0.6,3.45,17.178,16.83,16.959,75566.14,52184.03,52824.03
2019-01-04,16.96,17.56,17.37,16.81,70241.29,0.22,1.28,16.804,16.707,16.916,55063.99,41937.28,49762.27
2019-01-03,17.1,17.48,17.15,17.0,62123.75,-0.01,-0.06,16.628,16.637,16.941,44906.23,37884.88,50512.9
2019-01-02,16.49,17.5,17.16,16.34,97880.49,0.92,5.67,16.514,16.588,16.97,39751.83,35119.1,50827.69
2018-12-28,16.12,16.45,16.24,16.12,21559.68,0.14,0.87,16.43,16.551,16.99,26009.79,29096.29,49982.52
2018-12-27,16.75,16.82,16.1,16.0,23514.74,-0.39,-2.37,16.482,16.609,17.007,28801.92,32957.24,51629.47
2018-12-26,16.51,16.68,16.49,16.36,19452.51,-0.09,-0.54,16.61,16.739,17.035,28810.58,36679.51,53588.74
2018-12-25,16.54,16.64,16.58,15.97,36351.74,-0.16,-0.96,16.646,16.83,17.082,30863.52,42043.06,56080.11
2018-12-24,16.38,16.81,16.74,16.38,29170.28,0.24,1.46,16.662,16.954,17.133,30486.36,45550.5,59543.3
2018-12-21,16.6,16.6,16.5,16.2,35520.33,-0.24,-1.43,16.672,16.994,17.206,32182.79,50159.63,63352.92
2018-12-20,16.65,16.89,16.74,16.6,23558.02,0.07,0.42,16.736,17.088,17.25,37112.57,53464.04,65103.65
2018-12-19,16.66,16.95,16.67,16.6,29717.23,0.01,0.06,16.868,17.124,17.315,44548.43,57587.27,69182.65
2018-12-18,16.7,16.87,16.66,16.37,34465.93,-0.13,-0.77,17.014,17.245,17.372,53222.61,63140.93,71501.84
2018-12-17,16.72,16.97,16.79,16.6,37652.44,-0.03,-0.18,17.246,17.352,17.403,60614.64,66536.28,73843.6
2018-12-14,17.26,17.37,16.82,16.78,60169.22,-0.58,-3.33,17.316,17.428,17.466,68136.47,70868.76,75978.6
2018-12-13,17.51,17.71,17.4,17.17,60737.35,0.0,0.0,17.44,17.404,17.511,69815.51,70301.69,77645.25
2018-12-12,17.91,18.03,17.4,17.28,73088.1,-0.42,-2.36,17.38,17.331,17.534,70626.1,70497.98,80848.02
2018-12-11,17.38,17.96,17.82,17.15,71426.07,0.68,3.97,17.476,17.333,17.513,73059.25,70117.15,80756.42
2018-12-10,17.57,18.15,17.14,17.05,75261.63,-0.3,-1.72,17.458,17.312,17.469,72457.93,73536.1,81286.45
2018-12-07,17.09,17.58,17.44,16.82,68564.42,0.34,1.99,17.54,17.417,17.457,73601.04,76546.21,80224.74
2018-12-06,17.69,17.79,17.1,17.05,64790.27,-0.78,-4.36,17.368,17.411,17.407,70787.87,76743.26,78352.76
2018-12-05,17.37,18.07,17.88,17.31,85253.84,0.15,0.85,17.282,17.506,17.382,70369.86,80778.03,77657.65
2018-12-04,17.55,17.78,17.73,17.39,68419.48,0.18,1.03,17.19,17.499,17.319,67175.05,79862.76,76894.6
2018-12-03,16.96,17.7,17.55,16.95,80977.19,0.97,5.85,17.166,17.454,17.265,74614.27,81150.92,75917.19
2018-11-30,16.68,16.75,16.58,16.06,54498.55,-0.09,-0.54,17.294,17.504,17.227,79491.37,81088.45,75566.8
2018-11-29,17.55,17.68,16.67,16.6,62700.23,-0.75,-4.3,17.454,17.618,17.241,82698.65,84988.81,76944.94
2018-11-28,17.5,17.57,17.42,16.9,69279.78,-0.19,-1.08,17.73,17.737,17.221,91186.2,91198.05,77762.56
2018-11-27,17.91,17.94,17.61,17.35,105615.59,-0.58,-3.19,17.808,17.693,17.161,92550.47,91395.7,77622.16
2018-11-26,17.54,18.21,18.19,17.38,105362.7,0.81,4.66,17.742,17.626,17.09,87687.57,89036.8,75642.02
2018-11-23,18.0,18.34,17.38,17.2,70534.95,-0.67,-3.71,17.714,17.497,16.95,82685.53,83903.27,72174.44
2018-11-22,18.03,18.7,18.05,18.0,105137.96,0.24,1.35,17.782,17.403,16.862,87278.97,79962.26,70775.79
2018-11-21,17.0,17.86,17.81,16.91,76101.14,0.53,3.07,17.744,17.258,16.742,91209.91,74537.27,68783.6
2018-11-20,17.83,17.96,17.28,17.26,81301.09,-0.77,-4.27,17.578,17.138,16.656,90240.94,73926.44,68202.99
2018-11-19,17.74,18.17,18.05,17.73,80352.49,0.33,1.86,17.51,17.075,16.593,90386.03,70683.46,66951.22
2018-11-16,17.85,18.14,17.72,17.64,93502.15,-0.14,-0.78,17.28,16.95,16.508,85121.01,70045.16,66961.79
2018-11-15,17.0,18.16,17.86,17.0,124792.69,0.88,5.18,17.024,16.863,16.396,72645.55,68901.08,65634.34
2018-11-14,16.86,17.34,16.98,16.8,71256.27,0.04,0.24,16.772,16.704,16.253,57864.62,64327.07,62530.58
2018-11-13,16.65,17.11,16.94,16.58,82026.57,0.04,0.24,16.698,16.628,16.192,57611.93,63848.62,62478.93
2018-11-12,16.32,16.9,16.9,16.28,54027.35,0.46,2.8,16.64,16.554,16.135,50980.89,62247.25,60839.37
2018-11-09,16.55,16.68,16.44,16.42,31124.88,-0.16,-0.96,16.62,16.402,16.093,54969.31,60445.62,60647.44
2018-11-08,16.79,16.92,16.6,16.56,50888.04,-0.01,-0.06,16.702,16.321,16.073,65156.6,61589.32,63147.75
2018-11-07,16.55,17.15,16.61,16.52,69992.83,-0.04,-0.24,16.636,16.225,16.065,70789.53,63029.94,65219.8
2018-11-06,16.69,16.7,16.65,16.42,48871.36,-0.15,-0.89,16.558,16.174,16.147,70085.31,62479.55,64149.63
2018-11-05,16.61,17.05,16.8,16.48,73969.45,-0.05,-0.3,16.468,16.111,16.254,73513.6,63218.98,63851.97
2018-11-02,16.46,16.86,16.85,16.44,82061.33,0.58,3.56,16.184,16.065,16.363,65921.92,63878.41,63554.79
2018-11-01,16.38,16.77,16.27,16.25,79052.66,0.05,0.31,15.94,15.929,16.49,58022.04,62367.6,62777.87
2018-10-31,16.1,16.38,16.22,15.97,66471.74,0.02,0.12,15.814,15.801,16.609,55270.35,60734.08,61597.36
2018-10-30,15.54,16.26,16.2,15.3,66012.84,0.82,5.33,15.79,15.756,16.749,54873.79,61109.23,60329.19
2018-10-29,15.47,15.8,15.38,15.29,36011.05,-0.25,-1.6,15.754,15.715,16.891,52924.35,59431.48,58542.04
2018-10-26,15.75,15.9,15.63,15.56,42561.93,-0.01,-0.06,15.946,15.783,17.08,61834.9,60849.27,58893.25
2018-10-25,15.51,15.73,15.64,15.07,65294.2,-0.46,-2.86,15.918,15.825,17.239,66713.16,64706.19,58370.22
2018-10-24,16.04,16.38,16.1,15.92,64488.95,0.08,0.5,15.788,15.904,17.399,66197.81,67409.65,57748.17
2018-10-23,16.31,16.44,16.02,15.85,56265.6,-0.32,-1.96,15.722,16.119,17.519,67344.67,65819.71,56453.89
2018-10-22,15.8,16.55,16.34,15.55,80563.82,0.85,5.49,15.676,16.397,17.614,65938.62,64484.97,55765.91
2018-10-19,14.6,15.65,15.49,14.52,66953.25,0.5,3.34,15.62,16.661,17.735,59863.63,63231.17,53556.07
2018-10-18,15.55,15.61,14.99,14.96,62717.41,-0.78,-4.95,15.732,17.05,17.922,62699.21,63188.14,52400.35
2018-10-17,16.11,16.19,15.77,14.9,70223.27,-0.02,-0.13,16.02,17.417,18.122,68621.5,62460.63,51254.05
2018-10-16,16.03,16.33,15.79,15.59,49235.35,-0.27,-1.68,16.516,17.742,18.296,64294.75,59549.14,50494.51
2018-10-15,16.28,16.65,16.06,16.06,50188.87,0.01,0.06,17.118,18.066,18.453,63031.32,57652.59,50206.93
2018-10-12,16.09,16.57,16.05,15.08,81131.14,-0.38,-2.31,17.702,18.376,18.611,66598.71,56937.24,50643.12
2018-10-11,17.5,17.83,16.43,16.43,92328.88,-1.82,-9.97,18.368,18.652,18.762,63677.08,52034.26,51368.09
2018-10-10,18.84,18.95,18.25,18.1,48589.51,-0.55,-2.93,18.814,18.893,18.939,56299.76,48086.69,49512.25
2018-10-09,18.96,19.2,18.8,18.73,42918.2,-0.18,-0.95,18.968,18.918,19.06,54803.53,47088.06,49406.28
2018-10-08,19.0,19.7,18.98,18.9,68025.84,-0.4,-2.06,19.014,18.831,19.139,52273.86,47046.86,50026.0
2018-09-28,18.75,19.46,19.38,18.72,66522.95,0.72,3.86,19.05,18.809,19.225,47275.77,43880.98,49291.05
2018-09-27,19.0,19.35,18.66,18.65,55442.32,-0.36,-1.89,18.936,18.794,19.301,40391.44,41612.56,48681.05
2018-09-26,18.99,19.25,19.02,18.99,41108.33,-0.01,-0.05,18.972,18.827,19.43,39873.62,40047.47,48176.25
2018-09-25,19.06,19.15,19.03,18.87,30269.88,-0.13,-0.68,18.868,18.85,19.551,39372.6,41439.87,49236.7
2018-09-21,18.86,19.2,19.16,18.62,43035.39,0.35,1.86,18.648,18.84,19.665,41819.85,42761.27,51046.51
2018-09-20,18.81,19.05,18.81,18.75,32101.3,-0.03,-0.16,18.568,18.846,19.742,40486.18,44349.0,51190.64
2018-09-19,18.44,19.12,18.84,18.4,52853.19,0.34,1.84,18.652,18.871,19.844,42833.67,50701.92,52765.14
2018-09-18,17.93,18.66,18.5,17.92,38603.22,0.57,3.18,18.682,18.985,19.917,40221.32,50937.8,51988.94
2018-09-17,18.66,18.66,17.93,17.91,42506.13,-0.83,-4.42,18.832,19.202,20.035,43507.15,51724.49,52829.08
2018-09-14,19.23,19.25,18.76,18.73,36367.05,-0.47,-2.44,19.032,19.446,20.168,43702.7,53005.15,53501.29
2018-09-13,19.19,19.3,19.23,18.75,43838.76,0.24,1.26,19.124,19.641,20.249,48211.82,54701.12,55145.52
2018-09-12,19.08,19.22,18.99,18.72,39791.42,-0.26,-1.35,19.09,19.807,20.349,58570.18,55749.54,56214.08
2018-09-11,18.9,19.32,19.25,18.53,55032.39,0.32,1.69,19.288,20.033,20.456,61654.29,56305.04,57968.21
2018-09-10,19.22,19.28,18.93,18.82,43483.88,-0.29,-1.51,19.572,20.251,20.577,59941.84,57033.54,59128.78
2018-09-07,19.06,19.54,19.22,18.99,58912.64,0.16,0.84,19.86,20.49,20.725,62307.6,59331.75,61375.95
2018-09-06,19.88,20.12,19.06,18.91,95630.55,-0.92,-4.61,20.158,20.637,20.821,61190.43,58032.27,62230.37
2018-09-05,20.57,20.57,19.98,19.96,55212.0,-0.69,-3.34,20.524,20.816,20.916,52928.91,54828.35,61440.55
2018-09-04,20.4,20.74,20.67,20.2,46470.11,0.3,1.47,20.778,20.849,20.93,50955.78,53040.08,61616.3
2018-09-03,20.7,20.7,20.37,19.91,55312.71,-0.34,-1.64,20.93,20.867,20.942,54125.24,53933.67,62998.25
2018-08-31,20.95,21.16,20.71,20.53,53326.77,-0.18,-0.86,21.12,20.89,20.933,56355.91,53997.44,64596.7
2018-08-30,21.36,21.47,20.89,20.7,54322.97,-0.36,-1.69,21.116,20.857,20.946,54874.12,55589.91,67109.39
2018-08-29,21.4,21.55,21.25,21.12,45346.35,-0.18,-0.84,21.108,20.891,21.042,56727.79,56678.62,70925.41
2018-08-28,21.3,21.46,21.43,21.1,62317.38,0.11,0.52,20.92,20.878,21.097,55124.38,59631.38,72274.45
2018-08-27,20.75,21.57,21.32,20.69,66466.06,0.63,3.04,20.804,20.903,21.142,53742.11,61224.03,73187.18
2018-08-24,20.79,21.09,20.69,20.63,45917.82,-0.16,-0.77,20.66,20.96,21.217,51638.96,63420.16,75236.68
2018-08-23,20.31,21.16,20.85,20.3,63591.32,0.54,2.66,20.598,21.004,21.354,56305.7,66428.48,80786.81
2018-08-22,20.75,20.88,20.31,20.3,37329.34,-0.54,-2.59,20.674,21.016,21.441,56629.45,68052.75,81527.92
2018-08-21,20.46,21.07,20.85,20.42,55405.99,0.25,1.21,20.836,21.011,21.576,64138.37,70192.51,86132.43
2018-08-20,20.37,20.65,20.6,19.95,55950.35,0.2,0.98,21.002,21.016,21.666,68705.96,72062.82,93382.87
2018-08-17,21.5,21.69,20.38,20.32,69251.5,-0.84,-3.96,21.26,20.976,21.696,75201.35,75195.96,97719.98
2018-08-16,20.78,21.55,21.23,20.7,65210.07,0.08,0.38,21.41,21.035,21.786,76551.25,78628.87,98741.66
2018-08-15,21.65,22.05,21.12,21.04,74873.94,-0.56,-2.58,21.358,21.192,21.8,79476.04,85172.2,100495.28
2018-08-14,21.98,22.35,21.68,21.6,78243.93,-0.21,-0.96,21.186,21.315,21.846,76246.65,84917.52,102719.2
2018-08-13,20.66,22.08,21.89,20.61,88427.29,0.77,3.65,21.03,21.381,21.844,75419.69,85150.33,103326.9
2018-08-10,20.94,21.65,21.13,20.78,76001.04,0.15,0.71,20.692,21.473,21.827,75190.57,87053.2,104678.71
2018-08-09,20.06,21.19,20.97,19.99,79834.0,0.7,3.45,20.66,21.703,21.849,80706.48,95145.15,108541.01
2018-08-08,20.76,21.1,20.26,20.24,58727.0,-0.62,-2.97,21.026,21.866,21.838,90868.36,95003.1,110740.59
2018-08-07,20.15,21.06,20.9,20.0,74109.12,0.72,3.57,21.444,22.14,21.838,93588.39,102072.34,113955.06
2018-08-06,20.1,20.88,20.2,19.7,87281.68,-0.8,-3.81,21.732,22.315,21.842,94880.97,114702.91,117251.6
2018-08-03,22.5,22.65,20.97,20.8,103580.59,-1.87,-8.19,22.254,22.416,21.865,98915.83,120244.0,120656.3
2018-08-02,22.7,23.3,22.8,21.84,130643.43,0.45,2.01,22.746,22.536,21.849,109583.82,118854.46,126784.57
2018-08-01,22.47,22.9,22.35,22.2,72327.11,0.0,0.0,22.706,22.407,21.644,99137.83,115818.37,126014.0
2018-07-31,22.77,23.25,22.34,22.18,80572.04,-0.47,-2.06,22.836,22.376,21.521,110556.29,120520.89,126648.67
2018-07-30,23.2,23.56,22.81,22.5,107455.96,-0.63,-2.69,22.898,22.306,21.423,134524.85,121503.48,129325.12
2018-07-27,22.78,23.95,23.43,22.77,156920.55,0.84,3.72,22.578,22.18,21.274,141572.17,122304.23,132277.71
2018-07-26,22.97,23.02,22.6,22.45,78413.51,-0.4,-1.74,22.326,21.995,21.067,128125.1,121936.87,132067.14
2018-07-25,22.41,23.2,23.0,22.26,129419.4,0.36,1.59,22.108,21.81,20.832,132498.9,126478.07,132641.37
2018-07-24,21.41,23.3,22.65,20.85,200414.83,1.45,6.84,21.916,21.535,20.575,130485.49,125837.79,131584.31
2018-07-23,20.52,21.64,21.21,20.5,142692.56,-0.95,-4.29,21.714,21.368,20.359,108482.1,119800.3,133865.68
2018-07-20,21.35,22.27,22.17,21.35,89685.22,0.67,3.12,21.782,21.314,20.306,103036.28,121068.6,131873.55
2018-07-19,22.04,22.24,21.51,21.36,100282.48,-0.56,-2.54,21.664,21.161,20.231,115748.63,134714.68,132239.45
2018-07-18,21.78,22.44,22.04,21.66,119352.35,0.44,2.04,21.512,20.881,20.171,120457.25,136209.63,134478.36
2018-07-17,21.38,21.84,21.64,21.08,90397.89,0.09,0.42,21.154,20.665,20.12,121190.09,132776.45,137032.31
2018-07-16,21.4,22.12,21.55,21.1,115463.46,-0.03,-0.14,21.022,20.54,20.099,131118.49,137146.77,140917.24
2018-07-13,20.63,21.85,21.58,20.63,153246.98,0.84,4.05,20.846,20.368,20.197,139100.91,142251.2,145235.47
2018-07-12,20.31,21.25,20.75,20.31,123825.56,0.48,2.37,20.658,20.138,20.364,153680.72,142197.41,143608.28
2018-07-11,20.5,20.69,20.25,19.95,123016.55,-0.73,-3.48,20.25,19.853,20.578,151962.01,138804.66,145229.28
2018-07-10,20.72,21.39,20.98,20.42,140039.91,0.33,1.6,20.176,19.614,20.859,144362.82,137330.84,149065.16
2018-07-09,20.73,20.94,20.67,20.11,155375.55,0.04,0.19,20.058,19.35,21.084,143175.04,147931.07,155789.58
2018-07-06,18.84,20.64,20.64,18.55,226146.05,1.88,10.02,19.89,19.297,21.315,145401.48,142678.51,160278.78
2018-07-05,19.96,20.12,18.71,18.61,115232.0,-1.22,-6.12,19.618,19.3,21.432,130714.1,129764.21,162433.02
2018-07-04,20.52,20.6,19.88,19.74,85020.58,-0.51,-2.5,19.456,19.46,21.595,125647.31,132747.09,162648.67
2018-07-03,20.03,20.5,20.39,19.75,134101.02,0.48,2.41,19.052,19.574,21.692,130298.86,141288.17,161980.18
2018-07-02,19.0,20.54,19.83,18.91,166507.77,0.57,2.96,18.642,19.657,21.767,152687.1,144687.72,159414.24
2018-06-29,18.34,19.65,19.28,18.02,152709.11,1.38,7.71,18.704,20.026,21.882,139955.53,148219.74,154791.14
2018-06-28,18.0,18.35,17.9,17.86,89898.08,0.05,0.28,18.982,20.589,22.057,128814.33,145019.14,150862.8
2018-06-27,18.01,18.45,17.86,17.81,108278.33,-0.49,-2.67,19.464,21.302,22.311,139846.87,151653.89,150812.14
2018-06-26,19.02,19.03,18.34,18.15,246042.2,-1.83,-9.07,20.096,22.103,22.561,152277.47,160799.48,151552.42
2018-06-25,20.65,20.74,20.14,20.06,102849.94,-0.48,-2.33,20.672,22.817,22.72,136688.34,163648.08,141414.93
2018-06-22,20.14,20.86,20.67,20.14,97003.1,0.36,1.77,21.348,23.332,22.777,156483.95,177879.05,138227.71
2018-06-21,20.93,21.79,20.31,20.3,145060.77,-0.72,-3.42,22.196,23.563,22.825,161223.95,195101.83,135921.17
2018-06-20,20.8,21.49,21.02,19.91,170431.34,-0.2,-0.94,23.14,23.73,22.885,163460.92,192550.25,132635.19
2018-06-19,23.27,24.18,21.22,21.22,168096.55,-2.36,-10.01,24.11,23.81,22.888,169321.49,182672.2,127624.23
2018-06-15,24.89,25.15,23.52,23.3,201828.0,-1.4,-5.62,24.962,23.877,22.865,190607.83,174140.77,127326.32
2018-06-14,25.1,25.37,24.91,24.52,120703.11,-0.12,-0.48,25.316,23.737,22.828,199274.14,161362.55,121910.66
2018-06-13,25.6,26.36,25.03,25.0,156245.58,-0.83,-3.21,24.93,23.525,22.741,228979.71,156706.46,119127.27
2018-06-12,25.7,26.4,25.87,25.53,199734.23,0.4,1.57,24.32,23.32,22.655,221639.58,149970.38,115036.48
2018-06-11,25.03,26.94,25.48,24.83,274528.22,0.19,0.75,23.51,23.019,22.501,196022.9,142305.35,108983.54
2018-06-08,22.4,25.29,25.29,22.18,245159.55,2.3,10.0,22.792,22.623,22.35,157673.7,119181.77,98741.34
2018-06-07,23.45,24.18,22.98,22.18,269230.97,1.0,4.55,22.158,22.221,22.178,123450.95,98576.38,88409.36
2018-05-30,21.38,22.58,21.98,21.0,119544.95,0.12,0.55,22.12,22.086,22.096,84433.22,76740.52,77410.31
2018-05-29,21.9,22.09,21.82,21.57,71650.82,-0.08,-0.36,22.32,22.04,22.082,78301.17,72720.12,73044.99
2018-05-28,22.01,22.45,21.89,21.77,82782.22,-0.21,-0.95,22.528,21.966,22.087,88587.81,72576.27,72672.04
2018-05-25,22.61,22.84,22.12,21.79,74045.81,-0.63,-2.77,22.454,21.852,22.124,80689.84,80511.87,72256.53
2018-05-24,22.82,23.25,22.79,22.55,74142.29,-0.2,-0.87,22.284,21.919,22.113,73701.81,82458.78,70690.69
2018-05-23,22.7,23.15,22.98,22.42,88884.73,0.11,0.48,22.052,21.957,22.06,69047.81,81548.07,69281.2
2018-05-22,21.51,23.5,22.86,21.31,123083.98,1.36,6.33,21.76,21.989,21.972,67139.07,80102.57,67249.21
2018-05-21,21.37,21.85,21.52,21.3,43292.4,0.22,1.03,21.404,21.983,21.881,56564.73,75661.73,64130.35
2018-05-18,21.63,21.71,21.27,21.0,39105.63,-0.36,-1.66,21.25,22.076,21.907,80333.89,78300.91,64873.46
2018-05-17,21.56,21.93,21.63,21.31,50872.33,0.1,0.46,21.554,22.135,21.907,91215.75,78242.33,67132.86
2018-05-16,20.96,21.8,21.52,20.78,79340.99,0.42,1.99,21.862,22.106,21.905,94048.32,78080.1,67461.92
2018-05-15,20.58,21.17,21.08,20.5,70212.32,0.2,0.96,22.218,22.124,21.947,93066.08,73369.85,69449.49
2018-05-14,22.01,22.03,20.75,20.53,162138.19,-2.06,-9.03,22.562,22.207,22.091,94758.72,72767.82,69201.73
2018-05-11,23.25,23.8,22.79,22.75,93514.91,-0.37,-1.6,22.902,22.395,22.241,76267.92,64001.19,63489.82
2018-05-10,23.45,23.45,23.17,22.75,65035.2,-0.12,-0.52,22.716,22.306,22.288,65268.91,58922.6,61875.89
2018-05-09,23.01,23.58,23.3,22.99,74429.77,0.5,2.19,22.35,22.163,22.333,62111.88,57014.34,62578.87
2018-05-08,22.48,23.49,22.8,22.33,78675.51,0.35,1.56,22.03,21.954,22.367,53673.62,54395.85,63485.39
2018-05-07,21.78,22.75,22.45,21.7,69684.22,0.6,2.75,21.852,21.778,22.402,50776.92,52598.97,64266.9
2018-05-04,21.36,21.96,21.86,21.15,38519.87,0.51,2.39,21.888,21.737,22.482,51734.46,51446.01,64633.19
2018-05-03,21.02,21.62,21.34,20.53,49250.03,-0.29,-1.34,21.896,21.679,22.608,52576.28,56023.38,67832.65
2018-05-02,21.99,22.1,21.7,21.54,32238.49,-0.25,-1.14,21.976,21.703,22.758,51916.8,56843.74,70208.21
2018-04-27,22.43,22.46,21.91,21.81,64192.0,-0.73,-3.22,21.878,21.77,22.865,55118.07,65529.12,72420.84
2018-04-26,22.6,22.89,22.63,22.05,74471.9,0.72,3.29,21.704,21.975,22.964,54421.01,65635.63,74314.35
2018-04-25,21.61,22.06,21.9,21.4,42729.0,0.15,0.69,21.586,22.086,22.981,51157.57,62978.45,74579.41
2018-04-24,21.6,21.88,21.74,21.51,45952.62,0.5,2.35,21.462,22.269,23.009,59470.47,64829.19,78802.03
2018-04-23,20.87,21.58,21.21,20.6,48244.83,0.18,0.86,21.43,22.503,23.008,61770.69,68143.39,83273.05
2018-04-20,22.04,22.09,21.04,21.01,60706.7,-0.99,-4.49,21.662,22.78,23.144,75940.18,72574.94,84390.48
2018-04-19,21.31,22.12,22.04,21.14,58154.68,0.78,3.67,22.246,23.026,23.293,76850.26,75934.83,86265.99
2018-04-18,21.97,21.98,21.28,20.31,84293.54,-0.32,-1.48,22.586,23.226,23.421,74799.33,77820.37,90123.83
2018-04-17,22.4,22.6,21.58,21.55,57453.68,-0.97,-4.3,23.076,23.537,23.549,70187.9,79641.92,91119.55
2018-04-16,23.82,23.88,22.37,21.69,119092.28,-1.56,-6.52,23.576,23.812,23.684,74516.09,83572.69,94828.22
2018-04-13,23.98,24.47,23.96,23.78,65257.11,0.19,0.8,23.898,23.959,23.703,69209.7,79312.56,92815.58
2018-04-12,23.6,24.14,23.74,23.6,47900.02,0.03,0.13,23.806,23.953,23.691,75019.39,82993.07,92712.94
2018-04-11,24.36,24.5,23.73,23.62,61236.43,-0.35,-1.45,23.866,23.875,23.684,80841.41,86180.38,93541.36
2018-04-10,24.2,24.6,24.08,23.54,79094.62,0.09,0.38,23.998,23.749,23.697,89095.94,92774.87,94740.3
2018-04-09,23.33,24.34,23.98,22.92,92560.32,0.5,2.13,24.048,23.512,23.708,92629.28,98402.72,94932.61
2018-04-04,24.19,24.9,23.5,23.16,94305.58,-0.57,-2.37,24.02,23.508,23.703,89415.42,96206.01,94403.67
2018-04-03,23.95,24.75,24.04,23.8,77010.11,-0.37,-1.52,24.1,23.559,23.701,90966.74,96597.16,93224.67
2018-04-02,24.15,24.63,24.39,23.92,102509.09,0.05,0.2,23.884,23.616,23.669,91519.35,102427.3,96166.41
2018-03-30,23.93,24.85,24.33,23.59,96761.29,0.49,2.06,23.5,23.56,23.667,96453.8,102597.18,97121.65
2018-03-29,23.99,24.23,23.84,23.44,76491.02,-0.06,-0.25,22.976,23.556,23.58,104176.16,106083.75,96803.66
2018-03-28,23.0,24.3,23.9,22.71,102062.17,0.94,4.09,22.996,23.447,23.472,102996.61,106318.61,97535.53
2018-03-27,22.95,23.28,22.96,22.43,79773.19,0.44,1.95,23.018,23.428,23.313,102227.58,102432.82,96746.86
2018-03-26,20.94,23.0,22.47,20.8,127181.31,0.73,3.36,23.348,23.493,23.219,113335.24,100902.33,99822.72
2018-03-23,23.2,23.2,21.71,21.57,135373.12,-2.26,-9.43,23.62,23.645,23.054,108740.57,96705.73,98622.54
2018-03-22,23.95,24.3,23.94,23.71,70593.26,-0.07,-0.29,24.136,23.903,22.936,107991.34,91462.51,95392.05
2018-03-21,24.55,24.91,24.01,23.99,98217.01,-0.64,-2.6,23.898,23.898,22.734,109640.6,92601.33,94883.25
2018-03-20,24.05,25.09,24.61,23.81,135311.52,0.8,3.36,23.838,23.842,22.54,102638.06,89852.19,91946.77
2018-03-19,24.55,24.75,23.83,23.61,104207.93,-0.48,-1.97,23.638,23.721,22.272,88469.42,89905.51,87516.05
2018-03-16,23.05,24.99,24.29,23.05,131626.98,1.51,6.63,23.67,23.773,22.024,84670.89,91646.11,86137.07
2018-03-15,23.63,23.83,22.75,22.41,78839.58,-0.96,-4.05,23.67,23.603,21.723,74933.67,87523.57,84672.73
2018-03-14,23.63,24.18,23.71,23.36,63204.31,0.1,0.42,23.898,23.497,21.466,75562.06,88752.45,85469.27
2018-03-13,23.83,24.14,23.61,23.53,64468.32,-0.38,-1.58,23.846,23.198,21.151,77066.31,91060.9,91639.13
2018-03-12,24.27,24.77,23.99,23.88,85215.25,-0.3,-1.24,23.804,22.944,20.814,91341.6,98743.11,93221.24
2018-03-09,24.0,24.55,24.29,23.27,82940.9,0.42,1.76,23.876,22.462,20.549,98621.33,100539.34,92032.59
2018-03-08,23.39,24.5,23.89,23.37,81981.53,0.37,1.57,23.536,21.969,20.289,100113.46,99321.59,91610.47
2018-03-07,23.27,23.98,23.45,23.18,70725.56,0.07,0.3,23.096,21.57,20.08,101942.84,97165.17,95299.57
2018-03-06,24.58,24.58,23.4,23.17,135844.77,-1.06,-4.33,22.55,21.237,19.953,105055.48,94041.36,96212.62
2018-03-05,22.5,24.5,24.35,22.16,121613.9,1.71,7.55,22.084,20.822,19.893,106144.62,85126.59,94123.81
2018-03-02,21.45,22.8,22.59,21.31,90401.55,0.92,4.25,21.048,20.274,19.86,102457.35,80628.04,91797.9
2018-03-01,20.61,22.13,21.69,20.54,91128.42,0.98,4.73,20.402,19.843,19.953,98529.72,81821.9,93244.11
2018-02-28,20.61,21.33,20.72,20.42,86288.78,-0.35,-1.66,20.044,19.434,20.051,92387.5,82186.08,91339.5
2018-02-27,18.99,21.07,21.07,18.99,141290.45,1.92,10.03,19.924,19.104,20.196,83027.23,92217.36,90126.98
2018-02-26,19.3,19.3,19.17,18.79,103177.57,-0.16,-0.83,19.56,18.683,20.313,64108.56,87699.37,88782.61
2018-02-23,19.99,20.3,19.36,18.9,70763.39,-0.56,-2.81,19.5,18.635,20.552,58798.72,83525.83,90039.53
2018-02-22,20.0,20.17,19.9,19.75,60417.32,-0.2,-0.99,19.284,18.609,20.862,65114.07,83899.34,94827.75
2018-02-14,19.2,20.16,20.12,19.12,39487.43,0.94,4.9,18.824,18.589,21.287,71984.66,93433.97,100307.81
2018-02-13,18.98,19.5,19.25,18.77,46697.11,0.38,2.01,18.284,18.668,21.688,101407.48,98383.88,107583.66
2018-02-12,18.15,18.99,18.87,18.15,76628.34,0.58,3.17,17.806,18.963,22.073,111290.18,103121.03,111409.71
2018-02-09,17.63,18.5,18.28,17.11,102340.16,0.63,3.57,17.77,19.446,22.467,108252.94,102967.76,113914.37
2018-02-08,16.8,17.95,17.6,16.7,94770.28,0.26,1.5,17.934,20.062,22.907,102684.61,104666.32,117162.53
2018-02-07,17.3,17.45,17.42,15.17,186601.53,0.56,3.32,18.354,20.668,23.402,114883.28,100492.91,124618.7
2018-02-06,18.4,18.54,16.86,16.86,96110.59,-1.87,-9.98,19.052,21.288,23.861,95360.27,88036.61,129621.62
2018-02-05,18.73,19.47,18.69,18.6,61442.16,-0.44,-2.3,20.12,21.942,24.307,94951.88,89865.85,132317.72
2018-02-02,19.51,20.11,19.1,18.9,74498.5,-0.65,-3.29,21.122,22.468,24.646,97682.57,96553.23,137768.25
2018-02-01,22.01,22.73,19.7,19.35,155763.61,-1.28,-6.1,22.19,23.114,24.962,106648.03,105756.16,141287.33
2018-01-31,21.34,22.25,20.91,20.74,88986.5,-1.3,-5.85,22.982,23.984,25.246,86102.54,107181.64,146359.95
2018-01-30,23.59,23.78,22.2,21.99,94068.63,-1.48,-6.25,23.524,24.707,25.513,80712.94,116783.44,163146.35
2018-01-29,24.02,24.18,23.7,23.13,75095.62,-0.76,-3.11,23.764,25.182,25.595,84779.82,119698.39,161114.48
2018-01-26,23.98,25.56,24.44,23.88,119325.8,0.77,3.25,23.814,25.487,25.609,95423.89,124860.98,162609.49
2018-01-25,23.69,23.82,23.66,23.33,53036.13,0.04,0.17,24.038,25.752,25.581,104864.29,129658.74,161060.66
2018-01-24,23.87,23.96,23.62,23.2,62038.54,0.2,0.85,24.986,26.135,25.607,128260.75,148744.49,166871.73
2018-01-23,24.2,24.39,23.4,22.82,114403.0,-0.54,-2.26,25.89,26.433,25.606,152853.94,171206.64,171077.61
2018-01-22,24.74,25.18,23.95,23.68,128315.99,-1.61,-6.3,26.6,26.671,25.592,154616.97,174769.6,168560.9
2018-01-19,25.56,27.58,25.56,25.56,166527.78,-2.84,-10.0,27.16,26.823,25.548,154298.07,178983.26,165816.17
2017-09-29,28.0,28.81,28.4,27.82,170018.45,0.26,0.92,27.466,26.809,25.429,154453.19,176818.51,160630.91
2017-09-28,26.67,28.28,28.14,26.66,185004.5,1.19,4.42,27.284,26.508,25.171,169228.23,185538.26,157220.69
2017-09-27,27.0,27.34,26.95,26.38,123218.13,0.2,0.75,26.976,26.318,24.942,189559.34,209509.25,155006.06
2017-09-26,26.9,27.37,26.75,26.3,126721.5,-0.34,-1.25,26.742,26.008,24.743,194922.22,202530.56,153426.15
2017-09-25,27.4,27.6,27.09,26.77,167303.39,-0.4,-1.46,26.486,25.731,24.575,203668.45,200358.0,150355.19
2017-09-22,26.39,27.56,27.49,25.56,243893.61,0.89,3.35,26.152,25.41,24.39,199183.82,192462.58,146833.64
2017-09-21,25.58,27.48,26.6,25.52,286660.06,0.82,3.18,25.732,25.078,24.195,201848.29,184998.97,138334.46
2017-09-20,25.2,25.86,25.78,24.91,150032.55,0.31,1.22,25.66,24.779,24.036,229459.16,170948.57,128379.0
2017-09-19,25.23,25.58,25.47,24.88,170452.62,0.05,0.2,25.274,24.512,23.963,210138.89,162352.21,126632.95
2017-09-18,25.13,25.72,25.42,25.11,144880.27,0.03,0.12,24.976,24.273,23.908,197047.56,152649.08,123920.65
2017-09-15,26.14,26.14,25.39,25.3,257215.94,-0.85,-3.24,24.668,24.048,23.84,185741.34,144443.3,124176.94
2017-09-14,23.83,26.24,26.24,23.69,424714.41,2.39,10.02,24.424,23.833,23.714,168149.66,128903.12,113944.99
2017-09-13,23.76,23.96,23.85,23.63,53431.22,-0.13,-0.54,23.898,23.565,23.551,112437.98,100502.87,96656.26
2017-09-12,23.84,24.37,23.98,23.62,104995.95,0.1,0.42,23.75,23.478,23.503,114565.52,104321.75,98649.05
2017-09-11,24.0,24.04,23.88,23.65,88349.16,-0.29,-1.2,23.57,23.419,23.429,108250.61,100352.38,96745.66
2017-09-08,23.48,24.59,24.17,23.35,169257.55,0.56,2.37,23.428,23.37,23.361,103145.27,101204.71,95760.35
2017-09-07,23.12,23.8,23.61,22.93,146156.02,0.5,2.16,23.242,23.311,23.258,89656.57,91669.94,92503.93
2017-09-06,22.91,23.3,23.11,22.91,64068.92,0.03,0.13,23.232,23.293,23.211,88567.76,85809.44,88596.71
2017-09-05,23.18,23.4,23.08,23.01,73421.4,-0.09,-0.39,23.206,23.413,23.207,94077.98,90913.7,88745.11
2017-09-04,23.0,23.34,23.17,22.98,62822.46,-0.07,-0.3,23.268,23.542,23.215,92454.16,95192.21,89508.08
2017-09-01,23.35,23.46,23.24,22.84,101814.07,-0.32,-1.36,23.312,23.631,23.196,99264.15,103910.58,90131.86
2017-08-31,22.4,23.68,23.56,22.36,140711.94,0.58,2.52,23.38,23.595,23.149,93683.31,98986.87,90284.24
2017-08-30,23.43,23.48,22.98,22.89,91620.03,-0.41,-1.75,23.354,23.537,23.121,83051.11,92809.66,88911.46
2017-08-29,23.47,23.56,23.39,23.21,65302.29,0.0,0.0,23.62,23.527,23.153,87749.41,92976.36,88529.94
2017-08-28,23.65,23.67,23.39,23.15,96872.4,-0.19,-0.81,23.816,23.438,23.176,97930.27,93138.94,90502.62
2017-08-25,23.39,23.88,23.58,23.38,73909.9,0.15,0.64,23.95,23.351,23.215,108557.01,90316.0,93120.21
2017-08-24,24.22,24.22,23.43,23.38,87550.95,-0.88,-3.62,23.81,23.205,23.217,104290.43,93337.93,94335.26
2017-08-23,24.15,24.7,24.31,23.85,115111.52,-0.06,-0.25,23.72,23.129,23.253,102568.2,91383.98,96025.13
2017-08-22,23.94,24.42,24.37,23.75,116206.58,0.31,1.29,23.434,23.0,23.237,98203.3,86576.53,97448.69
2017-08-21,22.75,24.15,24.06,22.75,150006.09,1.18,5.16,23.06,22.888,23.219,88347.62,83823.95,96827.03
2017-08-18,22.7,23.1,22.88,22.68,52576.99,-0.1,-0.43,22.752,22.76,23.246,72074.99,76353.14,97294.31
2017-08-17,22.71,23.27,22.98,22.65,78939.8,0.1,0.44,22.6,22.703,23.323,82385.42,81581.61,103160.22
2017-08-16,22.48,23.18,22.88,22.25,93287.03,0.38,1.69,22.538,22.705,23.421,80199.77,85013.26,109849.88
2017-08-15,22.77,22.96,22.5,22.4,66928.18,-0.02,-0.09,22.566,22.778,23.543,74949.77,84083.53,117337.03
2017-08-14,22.1,22.69,22.52,22.03,68642.95,0.4,1.81,22.716,22.913,23.641,79300.29,87866.3,125145.49
2017-08-11,22.5,22.5,22.12,21.89,104129.16,-0.55,-2.43,22.768,23.079,23.686,80631.28,95924.43,134821.37
2017-08-10,22.98,23.19,22.67,22.23,68011.51,-0.35,-1.52,22.806,23.228,23.764,80777.8,95332.59,141869.0
2017-08-09,23.39,23.47,23.02,22.73,67037.03,-0.23,-0.99,22.872,23.376,23.857,89826.76,100666.28,152447.57
2017-08-08,22.95,23.37,23.25,22.51,88680.78,0.47,2.06,22.99,23.473,23.821,93217.3,108320.84,153523.02
2017-08-07,22.44,23.1,22.78,22.33,75297.92,0.47,2.11,23.11,23.549,23.765,96432.32,109830.1,155116.12
2017-08-04,22.91,23.14,22.31,22.11,104861.76,-0.69,-3.0,23.39,23.732,23.722,111217.57,118235.49,154677.49
2017-08-03,23.58,23.72,23.0,22.91,113256.32,-0.61,-2.58,23.65,23.943,23.702,109887.38,124738.84,154352.48
2017-08-02,23.69,24.04,23.61,23.51,83989.73,-0.24,-1.01,23.88,24.137,23.657,111505.79,134686.49,154599.66
2017-08-01,24.8,24.8,23.85,23.68,104755.88,-0.33,-1.36,23.956,24.308,23.572,123424.38,150590.53,156450.72
2017-07-31,23.77,24.6,24.18,23.53,149224.16,0.57,2.41,23.988,24.368,23.473,123227.88,162424.68,155017.61
2017-07-28,24.4,24.4,23.61,23.57,98210.83,-0.54,-2.24,24.074,24.293,23.363,125253.41,173718.32,153379.44
2017-07-27,23.99,24.7,24.15,23.44,121348.34,0.16,0.67,24.236,24.3,23.254,139590.29,188405.4,151964.45
2017-07-26,23.7,24.17,23.99,23.33,143582.69,-0.02,-0.08,24.394,24.338,23.108,157867.19,204228.86,149589.17
2017-07-25,24.5,24.95,24.01,23.98,103773.4,-0.6,-2.44,24.66,24.169,22.952,177756.67,198725.2,145579.41
2017-07-24,24.0,24.65,24.61,23.53,159351.81,0.19,0.78,24.748,23.98,22.813,201621.47,200402.13,147512.16
2017-07-21,24.9,25.25,24.42,24.3,169895.19,-0.52,-2.08,24.512,23.711,22.625,222183.22,191119.48,143942.57
2017-07-20,25.38,25.87,24.94,24.56,212732.84,-0.38,-1.5,24.364,23.461,22.419,237220.51,183966.13,139039.86
2017-07-19,24.23,25.5,25.32,24.0,243030.12,0.87,3.56,24.282,23.177,22.188,250590.53,174512.84,133225.92
2017-07-18,23.48,24.7,24.45,22.87,223097.39,1.02,4.35,23.678,22.835,21.987,219693.73,162310.92,123853.89
2017-07-17,23.66,24.78,23.43,22.3,262160.56,-0.25,-1.06,23.212,22.578,21.833,199182.8,147610.54,115905.89
2017-07-14,24.68,24.69,23.68,23.65,245081.66,-0.85,-3.46,22.91,22.433,21.737,160055.74,133040.56,108089.59
2017-07-13,22.36,24.53,24.53,22.23,279582.94,2.23,10.0,22.558,22.208,21.622,130711.74,115523.49,99648.65
2017-07-12,22.16,22.32,22.3,21.67,88546.08,0.18,0.81,22.072,21.877,21.471,98435.14,94949.49,90402.36
2017-07-11,21.88,22.42,22.12,21.7,120542.75,0.2,0.91,21.992,21.734,21.424,104928.11,92433.62,91231.19
2017-07-10,21.98,22.18,21.92,21.8,66525.29,0.0,0.0,21.944,21.645,21.373,96038.27,94622.19,87837.78
2017-07-07,22.5,22.5,21.92,21.8,98361.63,-0.18,-0.81,21.956,21.539,21.324,106025.37,96765.66,87421.84
2017-07-06,21.66,22.44,22.1,21.63,118199.96,0.2,0.91,21.858,21.376,21.297,100335.24,94113.6,87487.5
2017-07-05,22.0,22.46,21.9,21.8,121010.91,0.02,0.09,21.682,21.198,21.249,91463.83,91939.0,85576.9
2017-07-04,22.0,22.1,21.88,21.76,76093.57,-0.1,-0.46,21.476,21.139,21.229,79939.14,85396.86,86718.84
2017-07-03,21.45,22.07,21.98,21.45,116460.8,0.55,2.57,21.346,21.087,21.199,93206.1,84201.24,88273.06
2017-06-30,21.07,21.55,21.43,21.07,69910.97,0.21,0.99,21.122,21.041,21.163,87505.94,83138.63,85171.08
2017-06-29,20.83,21.35,21.22,20.82,73842.92,0.35,1.68,20.894,21.035,21.154,87891.95,83773.81,86704.16
2017-06-28,21.06,21.19,20.87,20.83,63387.43,-0.36,-1.7,20.714,21.064,21.149,92414.16,85855.23,88345.29
2017-06-27,20.73,21.84,21.23,20.69,142428.38,0.37,1.77,20.802,21.114,21.17,90854.58,90028.75,92529.83
2017-06-26,20.56,21.07,20.86,20.56,87960.0,0.57,2.81,20.828,21.1,21.187,75196.38,81053.37,95059.78
2017-06-23,20.24,20.37,20.29,19.92,71841.01,-0.03,-0.15,20.96,21.109,21.154,78771.32,78078.03,95209.05
2017-06-22,21.22,21.43,20.32,20.22,96454.0,-0.99,-4.65,21.176,21.218,21.127,79655.68,80861.4,94811.17
2017-06-21,21.44,21.44,21.31,21.18,55589.49,-0.05,-0.23,21.414,21.299,21.095,79296.29,79214.81,93531.28
2017-06-20,21.6,21.6,21.36,21.33,64137.42,-0.16,-0.74,21.426,21.318,21.052,89202.92,88040.82,95035.16
2017-06-19,21.36,21.95,21.52,21.23,105834.67,0.15,0.7,21.372,21.311,21.024,86910.36,92344.88,94827.63
2017-06-16,21.54,21.55,21.37,21.13,76262.82,-0.14,-0.65,21.258,21.284,20.989,77384.74,87203.53,93088.73
2017-06-15,21.26,21.64,21.51,21.26,94657.03,0.14,0.66,21.26,21.272,20.979,82067.12,89634.52,94788.33
2017-06-14,21.05,21.79,21.37,20.97,105122.66,0.28,1.33,21.184,21.233,20.961,79133.32,90835.36,96870.72
2017-06-13,20.85,21.16,21.09,20.75,52674.6,0.14,0.67,21.21,21.226,20.897,86878.71,95030.91,94378.67
2017-06-12,21.2,21.24,20.95,20.85,58206.61,-0.43,-2.01,21.25,21.274,20.84,97779.39,109066.18,94288.62
2017-06-09,21.1,21.48,21.38,20.85,99674.7,0.25,1.18,21.31,21.198,20.811,97022.31,112340.08,96668.67
2017-06-08,21.39,21.6,21.13,21.11,79988.05,-0.37,-1.72,21.284,21.035,20.784,97201.91,108760.94,96941.18
2017-06-07,21.17,21.58,21.5,21.08,143849.59,0.21,0.99,21.282,20.891,20.807,102537.39,107847.76,97524.21
2017-06-06,21.11,21.59,21.29,20.91,107178.02,0.04,0.19,21.242,20.785,20.805,103183.12,102029.51,95492.22
2017-06-05,21.31,21.43,21.25,20.97,54421.21,0.0,0.0,21.298,20.736,20.84,120352.97,97310.38,104405.43
2017-06-02,21.12,21.5,21.25,20.5,100572.68,0.13,0.62,21.086,20.693,20.983,127657.84,98973.93,105055.37
2017-06-01,21.27,21.55,21.12,20.99,106665.44,-0.18,-0.84,20.786,20.685,21.261,120319.97,99942.15,108191.53
2017-05-31,21.33,21.88,21.3,20.88,147078.23,-0.27,-1.25,20.5,20.688,21.693,113158.13,102906.09,104842.59
2017-05-26,20.2,21.9,21.57,19.87,193027.3,1.38,6.83,20.328,20.567,22.111,100875.91,93726.43,98896.6
2017-05-25,19.66,20.27,20.19,19.51,90945.56,0.44,2.23,20.174,20.406,22.525,74267.79,79511.06,91352.33
2017-05-24,19.58,19.83,19.75,18.81,63883.34,0.06,0.3,20.3,20.424,23.001,70290.01,80997.26,89316.58
2017-05-23,20.04,20.2,19.69,19.56,70856.21,-0.75,-3.67,20.584,20.532,23.481,79564.32,85121.42,88805.31
2017-05-22,21.18,21.18,20.44,20.3,85667.13,-0.36,-1.73,20.876,20.723,23.976,92654.05,87200.67,87310.33
2017-05-19,21.3,21.3,20.8,20.63,59986.69,-0.02,-0.1,20.806,20.824,24.455,86576.95,88954.93,85321.24
2017-05-18,20.97,20.97,20.82,20.6,71056.68,-0.35,-1.65,20.638,20.943,24.917,84754.33,111500.48,84538.09
2017-05-17,21.0,21.46,21.17,20.85,110254.89,0.02,0.1,20.548,21.273,25.383,91704.52,111136.81,84054.85
2017-05-16,19.99,21.23,21.15,19.46,136304.84,1.06,5.28,20.48,21.836,25.861,90678.51,116440.91,83288.17
2017-05-15,19.92,20.46,20.09,19.9,55281.66,0.13,0.65,20.57,22.698,26.326,81747.29,106779.09,80433.05
2017-05-12,20.2,20.28,19.96,19.87,50873.59,-0.41,-2.01,20.842,23.654,26.82,91332.9,104066.77,79748.84
2017-05-11,20.43,20.53,20.37,19.6,105807.61,-0.46,-2.21,21.248,24.643,27.332,138246.63,103193.61,80532.8
2017-05-10,21.46,21.52,20.83,20.31,105124.87,-0.77,-3.56,21.998,25.578,27.83,130569.1,97635.89,77740.81
2017-05-09,21.58,21.7,21.6,20.5,91648.7,0.15,0.7,23.192,26.429,28.297,142203.31,92489.21,75532.27
2017-05-08,21.54,22.08,21.45,21.42,103209.73,-0.54,-2.46,24.826,27.229,28.649,131810.89,87420.0,74684.03
2017-05-05,22.0,23.3,21.99,21.78,285442.22,-2.13,-8.83,26.466,28.086,29.049,116800.64,81687.56,73099.27
2017-05-04,24.12,24.12,24.12,24.12,67420.0,-2.68,-10.0,28.038,28.89,29.464,68140.59,57575.71,60608.51
2016-12-12,29.71,29.71,26.8,26.79,163295.89,-2.97,-9.98,29.158,29.493,29.798,64702.68,56972.9,60182.79
2016-12-09,29.68,29.89,29.77,29.34,39686.6,0.12,0.41,29.666,29.885,29.998,42775.1,50135.43,53308.59
2016-12-08,29.78,29.84,29.65,29.56,28158.5,-0.2,-0.67,29.632,29.953,30.014,43029.11,54087.01,54281.59
2016-12-07,29.78,29.95,29.85,29.55,42141.95,0.13,0.44,29.706,29.985,30.042,46574.47,55430.92,56291.05
2016-12-06,29.38,29.91,29.72,29.25,50230.44,0.38,1.29,29.742,30.02,30.058,47010.83,57872.0,57470.15
2016-12-05,29.09,29.49,29.34,29.02,53658.02,-0.27,-0.91,29.828,30.082,30.089,49243.11,57845.72,58128.3
2016-12-02,29.85,29.97,29.6,29.58,40956.64,-0.41,-1.37,30.104,30.164,30.164,57495.75,58575.33,58575.33
2016-12-01,29.95,30.1,30.02,29.71,45885.3,0.03,0.1,30.274,30.227,30.227,65144.9,60532.96,60532.96
2016-11-30,30.0,30.1,30.03,29.76,44323.73,-0.12,-0.4,30.264,30.253,30.253,64287.36,62363.92,62363.92
2016-11-29,30.7,30.7,30.15,30.04,61391.88,-0.56,-1.82,30.298,30.284,30.284,68733.18,64941.09,64941.09
2016-11-28,30.49,30.93,30.72,30.28,94921.2,0.27,0.89,30.336,30.307,30.307,66448.33,65532.62,65532.62
2016-11-25,29.97,30.5,30.45,29.54,79202.41,0.48,1.6,30.224,30.224,30.224,59654.91,59654.91,59654.91
2016-11-24,30.22,30.27,29.97,29.92,41597.58,-0.23,-0.76,30.168,30.168,30.168,54768.03,54768.03,54768.03
2016-11-23,30.31,30.47,30.2,30.11,66552.82,-0.15,-0.49,30.233,30.233,30.233,59158.18,59158.18,59158.18
2016-11-22,30.22,30.4,30.34,30.14,49967.62,0.17,0.56,30.25,30.25,30.25,55460.86,55460.86,55460.86
2016-11-21,30.41,30.5,30.16,30.13,60954.1,-0.25,-0.82,30.16,30.16,30.16,60954.1,60954.1,60954.1
